UNKNOWN                 
1 81036U          21270.64348493  .00003430  00000+0  47348-2 0  9998
2 81036  66.0159 352.2799 2768988 180.4574 179.3561  9.14761534261035
UNKNOWN                 
1 81037U          21274.52036346  .00011671  00000+0  96706-3 0  9990
2 81037  62.2029 198.6105 0247824  32.1232 329.4678 14.78306701980926
UNKNOWN                 
1 81052U          21274.55885712  .00002561  00000+0  82155-3 0  9990
2 81052  65.7808 218.7826 0651862 323.1774  32.6130 13.60852985390364
UNKNOWN                 
1 81069U          21274.42094823  .00001667  00000+0  27790-2 0  9998
2 81069 100.3300  90.5611 0068841 176.1115 184.0564 13.47133122308617
UNKNOWN                 
1 81073U          21271.08548589  .00007840  00000+0  11290-1 0  9991
2 81073  61.6656  66.0730 4714847 207.6646 116.4860  5.84189257510370
UNKNOWN                 
1 81078U          21274.14577299 -.00000340  00000+0 -90063-2 0  9992
2 81078  65.1143 164.5183 0184387 337.8491 176.9641 11.21692868322555
UNKNOWN                 
1 81111U          21273.87629878  .00059441  00000+0  35672-2 0  9999
2 81111  62.7943 251.0321 4518633 298.5901  23.4670  6.51500782163379
UNKNOWN                 
1 81123U 70025    21274.16640210  .00000366  00000+0  41804-3 0  9999
2 81123 100.0158 247.9413 0004809  44.8726 315.2810 13.77428125394886
UNKNOWN                 
1 81134U          21272.90158043  .00000032  00000+0  91474-4 0  9994
2 81134  90.2847 327.6466 0026376  83.9587 276.4535 12.92320427264328
UNKNOWN                 
1 81161U          21274.41693507 -.00001205  00000+0 -12671-2 0  9996
2 81161 100.4071 324.4908 0062711 184.0669 175.9972 13.71311019345709
UNKNOWN                 
1 81219U 81053    21273.72555589  .00000296  00000+0  27138-3 0  9999
2 81219  82.9251  75.8500 0021579 211.2026 148.7853 13.79711241395855
UNKNOWN                 
1 81221U          21269.08620645  .00001347  00000+0  64060-3 0  9998
2 81221  98.8526 204.0271 0115784 101.1320 260.2898 14.17593592305711
UNKNOWN                 
1 81228U          21272.64419453  .00001171  00000+0  55206-3 0  9991
2 81228  70.5326  47.9670 0086812  88.2981 272.8082 14.20108818406989
UNKNOWN                 
1 81247U 81053    21274.34512552  .00002459  00000+0  64067-3 0  9997
2 81247  83.2463  48.0442 0029400 347.9874  12.0619 14.48984182413599
UNKNOWN                 
1 81254U 70025    21266.82140382  .00000335  00000+0  29572-3 0  9997
2 81254 100.3945 113.4644 0079101 150.0300 210.5418 13.92270261397883
UNKNOWN                 
1 81264U          21273.65055224  .00001563  00000+0  31701-3 0  9994
2 81264  99.4294 241.5731 0103080 318.3581  40.9799 14.59744038384619
UNKNOWN                 
1 81279U          21273.75291690  .00000486  00000+0  21834-3 0  9999
2 81279  98.0814  81.5845 0223667 172.6309 187.8246 14.13822844245457
UNKNOWN                 
1 81301U          21274.48094499  .00000074  00000+0  14890-3 0  9991
2 81301  66.7618 353.3903 0092224 185.8752 188.6810 13.75462505395412
UNKNOWN                 
1 81311U 90105    21274.13437709  .00000181  00000+0  50294-4 0  9992
2 81311  98.7382 233.6541 0139714 109.0702 315.9858 14.53082764416652
UNKNOWN                 
1 81317U 80089    21274.52223698  .00000042  00000+0  17940-3 0  9997
2 81317  67.1382 309.5647 0210927  22.7250 124.9065 13.37117271383590
UNKNOWN                 
1 81323U          21274.45683716  .00003712  00000+0  80495-3 0  9994
2 81323  65.7786 176.7116 0495745  27.1761 335.4350 14.03393184895758
UNKNOWN                 
1 81329U          21273.90342977  .00000659  00000+0  27454-3 0  9993
2 81329  65.8276   7.1655 0874657 358.7883  95.3362 13.12875846414161
UNKNOWN                 
1 81341U          21274.14324364  .00004907  00000+0  14621-1 0  9994
2 81341  99.5313  43.2156 0362713   7.4844 353.1474 12.87768786325398
UNKNOWN                 
1 81342U          21272.75553654  .00001130  00000+0  68252-3 0  9992
2 81342  70.8991 290.7881 0154059 138.8063 222.4802 14.02964101401454
UNKNOWN                 
1 81343U          21274.05733800  .00000804  00000+0  90235-4 0  9995
2 81343  85.8739 283.4393 0009503 325.8583  34.2028 14.85329698225658
UNKNOWN                 
1 81357U          21273.94061281  .00003443  00000+0  32765-3 0  9999
2 81357  97.5086 166.7465 0199614 117.1672 245.0046 14.80141948307338
UNKNOWN                 
1 81359U          21274.51505305  .00000389  00000+0  45655-3 0  9993
2 81359  66.7985 108.5858 0124122 286.8655  71.8834 13.75239727944651
UNKNOWN                 
1 81366U          21271.73327540  .00000302  00000+0  14434-3 0  9991
2 81366  65.8844  86.2485 0735484  97.4212 271.0950 13.39002299860174
UNKNOWN                 
1 81371U          21273.66398832  .00000933  00000+0  20503-3 0  9997
2 81371  98.8575 236.3948 0088919  38.7719 321.9813 14.57778989417609
UNKNOWN                 
1 81374U          21270.85290233  .00002310  00000+0  80735-3 0  9998
2 81374  65.7305 216.1288 0056430 246.0884 113.4291 14.36228679362469
UNKNOWN                 
1 81380U          21274.37360650  .00002872  00000+0  93265-3 0  9992
2 81380  99.8563 148.9430 0000037 151.9394 208.1792 14.39827344397040
UNKNOWN                 
1 81386U          21273.56293569  .00001099  00000+0  53080-3 0  9993
2 81386  71.0581  18.2959 0123931 308.2271  50.7747 14.16847682405844
UNKNOWN                 
1 81390U          21273.64287512  .00001094  00000+0  87570-2 0  9993
2 81390 103.0996  39.0680 0175684 303.1937  55.2379 12.34275244310687
UNKNOWN                 
1 81391U          21269.10016368  .00002139  00000+0  96329-3 0  9993
2 81391  81.2014  51.2976 0017294 234.0788 125.8785 14.21919942361722
UNKNOWN                 
1 81392U          21274.31862344  .00001148  00000+0  13895-2 0  9991
2 81392 100.4140 106.9538 0050137 301.4159 233.5623 13.68385001391648
UNKNOWN                 
1 81402U          21274.53008158  .00003219  00000+0  13172-2 0  9991
2 81402  98.7306 297.5104 0005266 267.6883  92.3695 14.27916598226485
UNKNOWN                 
1 81405U          21270.72072421  .00000502  00000+0  45098-3 0  9990
2 81405  99.5600 273.1820 0169121 342.0074  17.5139 13.82920369348972
UNKNOWN                 
1 81406U          21272.45705816  .00000397  00000+0  19418-3 0  9993
2 81406  65.8168 344.2590 0900387 276.6614  73.2851 13.04790308332921
UNKNOWN                 
1 81409U 87068    21274.37498274  .00003176  00000+0  11662-2 0  9995
2 81409  82.6669  54.8475 0061111  65.4779 295.2763 14.31462947409055
UNKNOWN                 
1 81418U          21272.61153027  .00000707  00000+0  14816-2 0  9996
2 81418 100.3094  47.5511 0054939 350.9877   9.0256 13.35028977194048
UNKNOWN                 
1 81425U          21274.48344401  .00001350  00000+0  16604-2 0  9991
2 81425  99.4330   3.4732 0086242 102.7820 258.2978 13.65611123232109
UNKNOWN                 
1 81427U          21273.51117758  .00000570  00000+0  37892-3 0  9995
2 81427  98.8700 177.4453 0089332  15.4529 344.9333 14.03358546336356
UNKNOWN                 
1 81438U          21272.72084667  .00000312  00000+0  59853-3 0  9996
2 81438 100.2889  74.1105 0062422 199.8327 160.0374 13.45605794384906
UNKNOWN                 
1 81439U          21274.27610137  .00000576  00000+0  17805-2 0  9998
2 81439  67.1618 223.2193 0598341  67.8507 298.4886 12.61308185 68410
UNKNOWN                 
1 81449U 85042    21274.45085911  .00001445  00000+0  51875-3 0  9996
2 81449  66.8056 178.3483 0060315 233.2410 126.3146 14.35656126410796
UNKNOWN                 
1 81478U          21274.09040738  .00001178  00000+0  55186-3 0  9999
2 81478  99.0748 138.4822 0172748  59.3313 100.8918 14.14570455405314
UNKNOWN                 
1 81488U 75052    21274.36227178  .00000127  00000+0  24899-3 0  9994
2 81488 100.1270  91.5493 0044503 192.1965 287.2242 13.55476377388826
UNKNOWN                 
1 81497U          21274.58264995  .00001456  00000+0  17830-2 0  9999
2 81497 100.3026  26.8432 0029504 295.7262  78.1540 13.67444420  5691
UNKNOWN                 
1 81499U          21274.13446753  .00000576  00000+0  20585-3 0  9990
2 81499  74.0550 174.2085 0003759 242.1396 117.9376 14.36347303261593
UNKNOWN                 
1 81509U          21274.40876634  .00017333  00000+0  36965-2 0  9994
2 81509  98.7370  80.1599 0024129 252.3468 107.5094 14.58784538241443
UNKNOWN                 
1 81521U          21274.36510362  .00006526  00000+0  12867-2 0  9993
2 81521  99.6976  59.2217 0010039  55.7662 335.4847 14.62880289416761
UNKNOWN                 
1 81535U          21274.29855578  .00000247  00000+0  12829-3 0  9994
2 81535  98.1182 115.9358 0250835 245.9437 111.5305 14.07499996171320
UNKNOWN                 
1 81536U 73086    21272.76848709  .00000212  00000+0  16112-2 0  9997
2 81536 102.0463  90.3142 0035662 320.7622  52.9476 12.53940261359298
UNKNOWN                 
1 81537U 93016    21273.62128163  .00000031  00000+0  46539-4 0  9991
2 81537  71.0418  38.5066 0080810 300.8222  58.4960 14.05638243404791
UNKNOWN                 
1 81546U          21273.19597529  .00004991  00000+0  55137-3 0  9992
2 81546  66.8061 245.9554 0019484 191.0021 169.0685 14.88168695901211
UNKNOWN                 
1 81552U          21274.30606189 -.00002239  00000+0 -48432-2 0  9990
2 81552  99.0712  36.7647 0272508  89.0101 274.2223 13.15617191377450
UNKNOWN                 
1 81564U          21271.80374319  .00002751  00000+0  12017-2 0  9999
2 81564  81.1842  95.5504 0029582 146.5531 213.7523 14.23398762346831
UNKNOWN                 
1 81569U 95015    21274.49922416 -.00000289  00000+0 -20780-2 0  9991
2 81569  28.0750 219.1593 0315856 205.5921 152.8643 12.46216424361422
UNKNOWN                 
1 81579U          21274.35339650  .00006859  00000+0  42313-2 0  9992
2 81579 100.0428 243.7661 0238517 337.0716  21.9931 13.92679234396682
UNKNOWN                 
1 81599U          21273.59833628 -.00000265  00000+0 -37195-3 0  9993
2 81599  67.2994 351.7690 0250580 105.5477 323.7976 13.29059831381056
UNKNOWN                 
1 81605U          21273.55519408 -.00000965  00000+0 -37347-2 0  9999
2 81605  56.4356 222.1381 0151297 237.3685 121.2562 12.77579410321962
UNKNOWN                 
1 81614U 76077    21272.06996665 -.00003768  00000+0 -27082-1 0  9993
2 81614 101.6936 320.3693 0419677  81.2263 283.6070 12.20479830349569
UNKNOWN                 
1 81615U 92021    21274.54014526  .00000388  00000+0  17850-3 0  9990
2 81615  65.8345 358.3407 0816142 119.0781 249.4488 13.23183021379342
UNKNOWN                 
1 81617U 73086    21273.56328703  .00000044  00000+0  52289-3 0  9992
2 81617 101.3325 133.7909 0044504  22.3684 337.9320 12.56203010360381
UNKNOWN                 
1 81624U          21272.52202735  .00000722  00000+0  19518-3 0  9998
2 81624  66.9916   3.6283 0086229  54.7938 306.1208 14.51466839415833
UNKNOWN                 
1 81626U          21274.45369130  .00016018  00000+0  35108-2 0  9994
2 81626  71.0067  78.9370 0013660 209.5828 150.4546 14.57634258403906
UNKNOWN                 
1 81634U          21274.52639131  .00721773  99908-4  11078-1 0  9992
2 81634  51.6872 113.4416 0453010 320.2443  36.6118 14.85508926339697
UNKNOWN                 
1 81640U          21273.59848472  .00000024  00000+0  75462-4 0  9994
2 81640  65.8282  23.3769 0995180 338.2582  17.8806 12.55440117317387
UNKNOWN                 
1 81652U 76077    21270.58539444  .00000215  00000+0  32406-3 0  9998
2 81652 102.1456 182.5710 0379540 185.3781 300.9887 13.41373818372363
UNKNOWN                 
1 81661U          21271.50721609  .00002551  00000+0  71892-3 0  9997
2 81661  98.4242 186.2371 0066196 210.9151 148.8136 14.45379655312026
UNKNOWN                 
1 81667U          21273.48035075  .00000551  00000+0  19238-3 0  9991
2 81667  74.0467 357.0941 0020125 315.0470  44.9054 14.37469655235575
UNKNOWN                 
1 81674U          21273.23933671  .00000358  00000+0  26928-3 0  9990
2 81674  66.8237 249.9093 0036820 253.6919 122.4118 14.05139935397839
UNKNOWN                 
1 81678U          21273.41032498  .00003681  00000+0  53389-3 0  9994
2 81678  65.8327 288.1340 0054360 179.1329 247.9015 14.76363063420394
UNKNOWN                 
1 81683U          21272.77322143  .00000569  00000+0  16232-3 0  9995
2 81683  81.2201  91.5485 0030341 248.7979 110.9968 14.43871964413583
UNKNOWN                 
1 81693U 73086    21274.54156688  .00000357  00000+0  29323-2 0  9995
2 81693 101.0966 128.0816 0368471  85.6322 278.6735 12.23100440780137
UNKNOWN                 
1 81696U          21274.04803276  .00006058  00000+0  59368-3 0  9998
2 81696  97.4461 203.1954 0216637 302.7456  55.3039 14.76618031285062
UNKNOWN                 
1 81721U          21274.15827039  .00017052  00000+0  41678-2 0  9992
2 81721  98.1735 340.6676 0346994 205.7101 152.6470 14.21962066313309
UNKNOWN                 
1 81732U          21274.53729160  .00010975  00000+0  11887-2 0  9998
2 81732  65.7359 218.7881 0278192 314.3836  43.4784 14.64219027417547
UNKNOWN                 
1 81745U          21274.32565177  .00000580  00000+0  24230-3 0  9993
2 81745  71.0020 109.9100 0005015  75.6687 100.4618 14.30285225409899
UNKNOWN                 
1 81749U          21270.87638001 -.00000183  00000+0 -50023-3 0  9990
2 81749  99.7009 137.8910 0371952 330.8462  90.1495 12.76982795365803
UNKNOWN                 
1 81775U          21274.58293449  .00001593  00000+0  74024-3 0  9995
2 81775  82.9309  26.9327 0023391 222.8272 137.1088 14.19972923406536
UNKNOWN                 
1 81779U          21274.47226330 -.00008331  00000+0 -25502+0 0  9994
2 81779  54.1041 318.0905 1897402 147.4148 225.9436  9.24219846338173
UNKNOWN                 
1 81792U          21274.32301670  .00000429  00000+0  18562-3 0  9994
2 81792  65.8241 277.6086 0925935 241.4298 109.0544 13.04152293374764
UNKNOWN                 
1 81794U          21274.34649544  .00005128  00000+0  70688-3 0  9991
2 81794  81.1859 287.0024 0005057 323.1023  36.9837 14.78087578421487
UNKNOWN                 
1 81795U          21274.04372121  .00208101  00000+0  94019-2 0  9992
2 81795   6.3391 117.1461 1375316  93.8606 281.9360 12.67655859261375
UNKNOWN                 
1 81798U          21273.95625309  .00004600  00000+0  11028-2 0  9990
2 81798  74.0165 142.8648 0043252 233.1002 126.6193 14.53197264363718
UNKNOWN                 
1 81812U          21274.19142856  .00004668  00000+0  34880-1 0  9999
2 81812 103.8270   4.0542 0309961 300.9094  56.1823 12.28661252351673
UNKNOWN                 
1 81813U          21270.74155945  .00000824  00000+0  25452-3 0  9997
2 81813  99.0964  96.1478 0018876  16.0827 344.0957 14.44135043413019
UNKNOWN                 
1 81816U 77121    21274.32589833  .00000014  00000+0  74311-4 0  9993
2 81816  66.2369 138.0164 0180060  59.2211 302.6448 13.83876977396819
UNKNOWN                 
1 81817U          21271.45789964  .00004015  00000+0  46524-3 0  9993
2 81817  65.7286 180.2872 0301767  99.6909 263.8418 14.59102433419801
UNKNOWN                 
1 81818U          21273.59021348  .00001354  00000+0  29963-3 0  9997
2 81818  65.7560 340.3224 0684683 268.4707  83.7881 13.69967807436918
UNKNOWN                 
1 81819U          21271.10759859  .00000349  00000+0  27665-2 0  9997
2 81819 102.2450 327.0834 0034631 104.1950 256.2966 12.45050354356589
UNKNOWN                 
1 81821U          21274.20787694  .00050235  10028-5  66891-3 0  9993
2 81821  34.0514 218.3052 2166486 126.7119 255.2657 11.19358449392292
UNKNOWN                 
1 81824U          21274.02254567  .00001324  00000+0  68679-3 0  9998
2 81824  65.8492 129.3961 0041044  88.9920 271.5867 14.17752997406153
UNKNOWN                 
1 81833U          21273.44289317  .00000119  00000+0  40809-3 0  9990
2 81833  90.2789 327.5441 0028864  79.9263 280.5110 12.93002029254196
UNKNOWN                 
1 81838U          21273.56049831  .00001107  00000+0  39370-3 0  9992
2 81838  67.7674 236.4420 0030265  31.2262  83.0370 14.37418393411763
UNKNOWN                 
1 81844U          21272.75533811  .00001199  00000+0  59536-3 0  9992
2 81844  82.9223  75.6587 0082065  98.0893 262.9606 14.14626308404801
UNKNOWN                 
1 81845U          21273.40071096  .00000459  00000+0  70026-4 0  9994
2 81845  97.8148 138.8040 0103258 258.0473 278.3903 14.75186390422742
UNKNOWN                 
1 81864U          21271.60483201  .00000252  00000+0  13077-3 0  9993
2 81864  65.6758  34.2486 0799623 313.8557  39.9000 13.25871643346780
UNKNOWN                 
1 81865U 87062    21274.34803956  .00000549  00000+0  48366-3 0  9992
2 81865  82.8054 125.6721 0071949  19.0593 156.1319 13.82441663396336
UNKNOWN                 
1 81872U          21273.35059122  .00023008  00000+0  18322-2 0  9998
2 81872  62.0361 159.4274 1955432 272.5843  65.4109 11.37140169165817
UNKNOWN                 
1 81873U          21274.38437686  .00001375  00000+0  79960-3 0  9997
2 81873  99.1055 310.2055 0074221  86.0476 274.9174 14.08993339352824
UNKNOWN                 
1 81877U          21265.32023906  .00000243  00000+0  42107-3 0  9997
2 81877  65.9333 112.9881 0059288 122.5091 238.1713 13.60414946918083
UNKNOWN                 
1 81893U 70025    21274.15792936  .00000475  00000+0  57223-3 0  9998
2 81893  99.9697 169.0601 0016911 257.3442 102.5813 13.72422752393457
UNKNOWN                 
1 81899U          21274.29618275  .00000557  00000+0  14930-2 0  9996
2 81899 102.4441  84.4711 0180763 199.0629 160.3649 13.16040839376997
UNKNOWN                 
1 81902U          21271.47078468  .00004280  00000+0  60778-3 0  9991
2 81902  81.6349 341.5856 0292887 319.7774  38.2066 14.51453750414031
UNKNOWN                 
1 81905U          21274.53643861  .00090992  00000+0  33358-2 0  9997
2 81905  61.7287  57.4046 1550310  70.2474 305.8697 12.35134069482300
UNKNOWN                 
1 81921U          21267.43764731  .00000523  00000+0  25474-3 0  9998
2 81921  65.7084 283.8597 0878423  46.6145 320.4710 13.07176807826725
UNKNOWN                 
1 81946U 87079    21271.13139360  .00000071  00000+0  41254-3 0  9994
2 81946  66.4219 225.9172 0669934  13.4069   0.4387 12.41903483357020
UNKNOWN                 
1 81947U          21273.63218520  .00000625  00000+0  87051-4 0  9998
2 81947  66.0833  44.2579 0464526 347.1292  11.8258 14.31445261410149
UNKNOWN                 
1 81964U          21274.50463352  .00000066  00000+0  10823-3 0  9990
2 81964  66.5833 101.5006 0034405   8.3030 351.8611 13.94448204400181
UNKNOWN                 
1 81969U          21274.43941947  .00001069  00000+0  12026-3 0  9999
2 81969  86.6641  85.3082 0008673 260.4209  99.6036 14.85657747211213
UNKNOWN                 
1 81995U          21270.91553250  .00000625  00000+0  16666-3 0  9994
2 81995  65.7535  99.3200 0601803 332.2637  24.7488 13.82068811390544
UNKNOWN                 
1 82025U          21272.31017974  .00035495  00000+0  34142-2 0  9994
2 82025  74.0260 257.2666 0014152 291.1155  68.8515 14.92759343367533
UNKNOWN                 
1 82039U          21271.24534904  .00003498  00000+0  82205-3 0  9999
2 82039  99.0865 279.2549 0044950  55.2884 305.2532 14.54525735333126
UNKNOWN                 
1 82043U          21274.02229737  .00000814  00000+0  27227-3 0  9990
2 82043  97.9848 184.3089 0261521 330.5604  28.1058 14.22392420355236
UNKNOWN                 
1 82044U          21265.38494619  .00000554  00000+0  63175-3 0  9996
2 82044  99.9494 316.9077 0065348 290.2515  69.1615 13.74078175349868
UNKNOWN                 
1 82051U          21270.96123871  .00000845  00000+0  40489-3 0  9999
2 82051  98.8442 333.7168 0117364  32.7826 328.0561 14.18087650353594
UNKNOWN                 
1 82073U          21274.43967110  .00000453  00000+0  15160-3 0  9994
2 82073  97.7133 136.9222 0241532 234.5011 123.3426 14.26445526355799
UNKNOWN                 
1 82110U          21274.54642595  .00058346  00000+0  84794-2 0  9997
2 82110  51.6481  97.0157 1451291 247.4244  96.6957 12.26747864254390
UNKNOWN                 
1 82112U          21274.22982565  .00002236  00000+0  62613-3 0  9992
2 82112  98.6506   9.2983 0099300 279.7798  79.2190 14.44288495359634
UNKNOWN                 
1 82139U          21274.05237188  .00000531  00000+0  33737-3 0  9997
2 82139  99.1419 307.0642 0092435  21.5001 339.0010 14.06130390264018
UNKNOWN                 
1 82162U          21274.29601677  .00000976  00000+0  17902-2 0  9995
2 82162 100.3933 116.2922 0062290 320.6949  38.9666 13.42467308297885
UNKNOWN                 
1 82168U          21271.73155375  .00006237  00000+0  95023-3 0  9993
2 82168  74.0115 291.1857 0010773 339.7134  20.3609 14.74081168262501
UNKNOWN                 
1 82180U          21273.80607901  .00001594  00000+0  35180-3 0  9993
2 82180  65.6589 113.6554 0490206 258.9964  95.5622 14.05421301938661
UNKNOWN                 
1 82187U          21274.58385559  .00005606  00000+0  10594-2 0  9997
2 82187  70.9429  25.7974 0066879  21.7324 338.6636 14.63406672418139
UNKNOWN                 
1 82189U          21274.55671089  .00000092  00000+0  42513-4 0  9994
2 82189  74.0363 335.2277 0016656 182.9375 177.1682 14.33657400412609
UNKNOWN                 
1 82199U          21274.32427825  .00000247  00000+0  20814-3 0  9998
2 82199  82.9653 304.1916 0039041  67.7941 305.8720 13.83575380397512
UNKNOWN                 
1 82205U          21274.31584086  .00000841  00000+0  18766-3 0  9991
2 82205  62.9934 231.7626 0647007 145.0575 219.4768 13.79700195395466
UNKNOWN                 
1 82223U          21256.69699191  .00000778  00000+0  51906-3 0  9998
2 82223  99.3895  66.9199 0075286 307.3788  52.0537 14.02972812230740
UNKNOWN                 
1 82227U          21274.44399153  .00000019  00000+0  46242-3 0  9995
2 82227 101.8385 246.8052 0003301  50.6228 108.7618 12.41979542450808
UNKNOWN                 
1 82250U          21270.58090487  .00000464  00000+0  33022-3 0  9996
2 82250  98.9621 176.6169 0084356 168.0473 313.6824 14.00713444400655
UNKNOWN                 
1 82272U          21273.94567796  .00000113  00000+0  50645-3 0  9996
2 82272  67.5229  94.5525 0754944   6.4915 354.5226 12.31985382 82898
UNKNOWN                 
1 82284U          21274.35918056  .00003766  00000+0  14821-2 0  9996
2 82284  99.5623  57.3535 0107676 163.8793 196.5854 14.26749438451974
UNKNOWN                 
1 82285U          21274.18881591  .00000008  00000+0  65584-4 0  9991
2 82285 102.0034   8.2436 0356020 102.4629 261.6570 13.54257524387104
UNKNOWN                 
1 82295U          21274.52450166  .00000299  00000+0  14703-3 0  9998
2 82295  66.6231 199.2403 0138209 224.2886 134.7086 14.25755299360811
UNKNOWN                 
1 82298U          21273.51037037  .00001558  00000+0  82995-3 0  9994
2 82298  99.0639 358.1334 0061355   4.1604 356.0065 14.13940017348144
UNKNOWN                 
1 82303U          21274.46307792  .00005210  00000+0  11493-1 0  9996
2 82303  81.9640 159.2224 0094818 315.5489 217.5241 13.26269639307904
UNKNOWN                 
1 82311U          21274.53674163  .00000450  00000+0  72149-3 0  9990
2 82311  99.5115  12.8985 0113800 200.7179 158.9324 13.51924201342974
UNKNOWN                 
1 82314U          21271.48693814  .00012635  00000+0  55680-3 0  9997
2 82314  99.2099   0.4354 0202202 202.1012 157.1401 15.05475949310158
UNKNOWN                 
1 82320U          21268.83787790  .00000794  00000+0  30126-3 0  9997
2 82320  99.8583 286.6255 0160141 308.4796  50.2106 14.27770451408209
UNKNOWN                 
1 82322U          21273.44115151  .00002227  00000+0  54761-3 0  9992
2 82322  98.5853 338.7464 0079214 102.0140 258.9946 14.51438707341565
UNKNOWN                 
1 82348U          21270.98352312 -.00001953  00000+0 -24036-2 0  9996
2 82348  63.7646 156.5330 3212868 296.5541  34.2177  8.38591661238266
UNKNOWN                 
1 82363U          21274.26491626  .00000694  00000+0  12183-2 0  9999
2 82363  66.9377 231.8193 0455465  62.8640 301.8086 13.13769968 88706
UNKNOWN                 
1 82369U 99025    21272.37589264  .00000330  00000+0  26072-3 0  9996
2 82369  99.0429 303.7859 0083323 248.3276 110.8998 13.97022700342724
UNKNOWN                 
1 82381U          21274.47599111  .00001671  00000+0  55569-3 0  9992
2 82381  98.4919 108.2917 0016797 147.8514 212.3702 14.38906407288278
UNKNOWN                 
1 82383U          21273.38561656  .00005110  00000+0  72692-3 0  9994
2 82383  98.2905 318.8275 0007384 157.7260 202.4272 14.77306902319554
UNKNOWN                 
1 82402U          21274.45291813  .00000874  00000+0  98308-4 0  9995
2 82402  86.6641  85.4555 0008759 261.6629  98.3603 14.85400282225879
UNKNOWN                 
1 82410U          21272.76622857  .00000045  00000+0  12182-3 0  9997
2 82410  66.6580  59.0772 0065944 319.7895  39.8306 13.76075211375465
UNKNOWN                 
1 82428U          21274.55728080  .00012019  00000+0  11291-1 0  9992
2 82428  63.1827 104.8044 0097703  68.7565 292.3878 13.79659305207597
UNKNOWN                 
1 82432U 93036    21272.23973147  .00000441  00000+0  11716-3 0  9997
2 82432  74.0120   5.8337 0063500 184.4227 175.6382 14.50511883259793
UNKNOWN                 
1 82448U          21274.29827052  .00000831  00000+0  93287-4 0  9991
2 82448  85.8738 283.2755 0009486 324.7936  35.2659 14.85356506208418
UNKNOWN                 
1 82451U          21273.65476488  .00013486  00000+0  14467-2 0  9998
2 82451  66.5402 351.2329 0288683 181.6849 178.3324 14.62840078907051
UNKNOWN                 
1 82453U          21273.32473178  .00000010  00000+0  39955-3 0  9996
2 82453 101.9542 223.7106 0093564 169.8705 190.4270 12.39523725355937
UNKNOWN                 
1 82458U          21274.44451945  .00001246  00000+0  74428-3 0  9999
2 82458  66.5118 163.9397 0068108 310.2543  49.2598 14.09435221393165
UNKNOWN                 
1 82464U          21274.59926681  .00003688  00000+0  10881-2 0  9990
2 82464  70.9998 221.0012 0085956 350.1377 184.3657 14.42073937412242
UNKNOWN                 
1 82475U          21273.04656618  .00000480  00000+0  31068-3 0  9999
2 82475  99.1467 308.2045 0107716  55.9923 305.1420 14.04807255330244
UNKNOWN                 
1 82481U          21272.94831850  .00027926  00000+0  15450-2 0  9997
2 82481  99.0082 187.4430 0028737 294.8404  64.9834 15.13479600226334
UNKNOWN                 
1 82484U          21274.46653350 -.00000009  00000+0  47586-4 0  9997
2 82484  99.5448 340.7963 0046291 108.1772 252.4413 13.55112055382920
UNKNOWN                 
1 82494U 93036    21273.45931928  .00001369  00000+0  36408-3 0  9996
2 82494  74.0202  78.2357 0011419 225.8729 134.1492 14.49499039259582
UNKNOWN                 
1 82500U          21273.49440486  .00001034  00000+0  61869-3 0  9999
2 82500  70.9735 323.7005 0147016 260.3365  98.1118 14.04192051402733
UNKNOWN                 
1 82517U          21274.30255830  .00001886  00000+0  55757-3 0  9999
2 82517  86.3905  16.6425 0022349 259.1012 100.7674 14.42878620201640
UNKNOWN                 
1 82524U          21274.51800895  .00001677  00000+0  76214-3 0  9996
2 82524  73.2932 180.7400 0175685  11.0595 163.9597 14.14844492359066
UNKNOWN                 
1 82526U          21259.37995345  .00000890  00000+0  59604-3 0  9990
2 82526  99.2514 298.5425 0105600 279.3392  79.5844 14.00997677304483
UNKNOWN                 
1 82529U          21273.56134065 -.00000214  00000+0 -27256-3 0  9994
2 82529  99.7793  27.2767 0241156  12.0568   2.3100 13.38565566384328
UNKNOWN                 
1 82545U          21274.30502607 -.00000042  00000+0  25003-4 0  9993
2 82545  64.8816 138.7081 0183448 227.9903 130.5277 11.30779580265523
UNKNOWN                 
1 82560U          21273.74044645  .00000479  00000+0  46472-3 0  9995
2 82560 100.0405  87.7163 0010050  11.8011   2.1193 13.85460839399131
UNKNOWN                 
1 82561U          21273.73348616  .00001542  00000+0  54411-3 0  9994
2 82561  63.1186 269.7207 0481249 348.0772 187.7507 13.88526183397808
UNKNOWN                 
1 82576U          21247.54599956  .00000543  00000+0  38289-3 0  9990
2 82576  99.2743 274.1854 0113232 340.8590  18.8335 13.99430684 15401
UNKNOWN                 
1 82597U          21274.47402859  .00000499  00000+0  22056-3 0  9995
2 82597  66.7737 195.3882 0102241   1.1404 358.9907 14.28370379409564
UNKNOWN                 
1 82616U          21273.50513113  .00004571  00000+0  58481-3 0  9992
2 82616  97.3056   3.3095 0095694 327.9355  31.6057 14.78590980338458
UNKNOWN                 
1 82617U          21274.55691361  .00000147  00000+0  48272-4 0  9994
2 82617  74.0281 232.6191 0041276 196.1427 163.8419 14.46285114414986
UNKNOWN                 
1 82627U          21273.39854271  .00000117  00000+0  28716-3 0  9994
2 82627  82.4739 259.9092 0009956 351.2571 164.7426 13.13695037377194
UNKNOWN                 
1 82637U          21271.79798860  .00004759  00000+0  12571-2 0  9995
2 82637  99.5253 118.2789 0034568  52.1032 308.3275 14.49080559281617
UNKNOWN                 
1 82642U          21272.97886152  .00000421  00000+0  29425-3 0  9993
2 82642  99.0113 182.0554 0138796 177.2289 182.9675 13.99275861401017
UNKNOWN                 
1 82683U 99057    21274.45393593  .00000471  00000+0  21096-3 0  9996
2 82683  98.1017  87.4685 0227983 178.1328 182.0752 14.13644144245237
UNKNOWN                 
1 82693U          21274.31761139  .00000991  00000+0  13846-2 0  9997
2 82693 100.5446  90.8607 0044820 207.9854 151.8872 13.60144132344719
UNKNOWN                 
1 82698U          21274.46804199  .00000293  00000+0  22005-3 0  9995
2 82698  61.6039 265.5902 0743017  93.5788 275.0415 13.21460851335254
UNKNOWN                 
1 82708U          21272.86394232  .00000122  00000+0  68405-3 0  9996
2 82708 102.1518 314.5294 0064236 138.6071 221.9911 12.87154859325825
UNKNOWN                 
1 82728U          21273.79260620  .00034091  00000+0  93773-2 0  9991
2 82728 100.1144  97.2170 0157871 161.4467 199.2562 14.39700783877305
UNKNOWN                 
1 82729U          21274.29382873  .00000271  00000+0  10769-2 0  9990
2 82729  67.9538 272.9870 0832069 337.7013  18.9680 12.15961645348642
UNKNOWN                 
1 82737U          21274.45047480  .00007505  00000+0  99925-2 0  9997
2 82737 102.9225 347.4553 0333228 255.7767 100.6126 13.40306504338603
UNKNOWN                 
1 82739U          21274.04428056  .00000716  00000+0  68261-3 0  9993
2 82739  99.0482 118.5567 0185165  60.5103  90.7603 13.76428029394730
UNKNOWN                 
1 82741U          21273.47716705  .00000826  00000+0  10956-2 0  9992
2 82741 102.8690 171.2058 0212618  68.3299 294.0322 13.56472923388442
UNKNOWN                 
1 82742U          21263.38716800  .00001496  00000+0  66826-3 0  9990
2 82742  99.5816 326.9243 0060063 122.0442 238.6587 14.23456133322965
UNKNOWN                 
1 82748U          21273.57989235  .00068181  00000+0  11871-1 0  9994
2 82748 102.8509 212.4856 0041258  26.2120 334.1142 14.67120707331108
UNKNOWN                 
1 82755U          21274.21167196  .00008068  00000+0  13773-2 0  9990
2 82755  99.8071   4.7159 0002909 195.7823 164.3286 14.69277891418809
UNKNOWN                 
1 82783U          21274.49757280  .00000721  00000+0  21514-2 0  9990
2 82783  90.3200 352.5633 0019621 258.7465 101.1456 13.06764063303951
UNKNOWN                 
1 82785U          21269.07779025  .00006741  00000+0  11520-2 0  9995
2 82785  63.1262 199.1698 0383020  33.1985 341.9413 14.31202067409116
UNKNOWN                 
1 82820U          21274.10534883  .00001072  00000+0  50605-3 0  9996
2 82820  99.7882 235.2018 0061886  11.4372 348.8191 14.21299216407016
UNKNOWN                 
1 82829U          21272.25320045  .00000176  00000+0  60488-2 0  9995
2 82829  65.1029   3.1943 0172270 309.1895  77.7688 11.28921936312739
UNKNOWN                 
1 82854U          21273.48712689  .00000709  00000-0  61294-3 0  9998
2 82854  82.6933 179.7416 0136172 285.4919  73.1238 13.81157689867951
UNKNOWN                 
1 82873U          21273.40298258  .00000947  00000+0  54961-3 0  9998
2 82873 100.0124 318.1596 0047918 175.0872 185.0774 14.11108064404028
UNKNOWN                 
1 82875U          21274.29702371  .00000328  00000+0  10324-3 0  9992
2 82875  98.6166 288.8817 0393587 351.0334   8.3946 14.10832125327980
UNKNOWN                 
1 82893U          21274.50746684  .00001437  00000+0  87138-3 0  9990
2 82893  98.9790 358.2543 0035807  86.9289 273.5976 14.07656941206953
UNKNOWN                 
1 82912U          21273.73064947  .00001142  00000+0  52656-3 0  9991
2 82912  65.8391  63.9960 0832162 244.9881 106.2550 13.14977600376853
UNKNOWN                 
1 82915U          21272.96064013  .00005901  00000+0  96892-3 0  9999
2 82915  74.0216 354.6307 0025893  38.7476 321.5546 14.70649301256630
UNKNOWN                 
1 82939U          21274.10415973 -.00000256  00000+0 -18117-1 0  9990
2 82939  86.3319 314.6930 1869837 328.1949  21.8170  8.75621727251526
UNKNOWN                 
1 82959U          21273.32053822  .00000693  00000+0  41991-3 0  9997
2 82959 100.0831 231.5620 0053673 107.7850 252.9183 14.09709367327333
UNKNOWN                 
1 82961U          21274.19211841 -.00002007  00000+0 -42773-2 0  9994
2 82961  99.6130 175.8159 0501644 273.1878  81.1969 12.90405414355904
UNKNOWN                 
1 82965U 70025    21270.46585892  .00000468  00000+0  73981-3 0  9991
2 82965 100.2242 277.4152 0001278  19.9931 340.1254 13.55775668315855
UNKNOWN                 
1 82991U          21272.28221440  .00007390  00000+0  13112-2 0  9994
2 82991  86.3146 275.4790 0029611 318.4168  41.4793 14.66838470259688
UNKNOWN                 
1 82996U          21264.08428941  .00039292  00000+0  19031+0 0  9992
2 82996  51.2347 147.5470 1152378 140.7965 228.2310 11.45535420249288
UNKNOWN                 
1 83903U          21271.77830375 -.00000028  00000+0  00000+0 0  9995
2 83903   9.8746 306.2990 0132751 205.4819 161.6541  0.99114305 28440
UNKNOWN                 
1 83934U          21274.36932388  .00000017  00000+0  00000+0 0  9991
2 83934   9.1686 311.3632 0234637 225.7913 142.8041  1.02659729 29543
UNKNOWN                 
1 83952U          21270.21306254  .00000326  00000+0  27462-2 0  9995
2 83952  20.6182 226.1323 7148264 347.8164   1.2992  2.32037849 48331
UNKNOWN                 
1 83970U          21274.06830716  .00011081  00000+0  48263-2 0  9999
2 83970  18.3207 129.6403 5253224 227.4914  74.2654  5.13067943115954
UNKNOWN                 
1 83975U          21268.15121550 -.00000184  00000+0  00000+0 0  9993
2 83975  18.8039 176.0245 6993308 189.8178 141.3429  2.15307391 49185
UNKNOWN                 
1 84006U          21267.67617875 -.00000123  00000+0  00000+0 0  9998
2 84006  22.9275 114.0321 6112890 263.0441  28.3227  2.16231135 50919
UNKNOWN                 
1 84026U          21274.10459708  .00021544  00000+0  11097-1 0  9994
2 84026  21.6539 203.3174 6182518 123.9563 310.5431  3.72350980 68804
UNKNOWN                 
1 84045U          21266.39525753 -.00000462  00000+0 -85019-2 0  9995
2 84045  19.2794 335.2162 7290073 110.6455 336.3311  2.08833064 10855
UNKNOWN                 
1 84079U          21270.54202312  .00001354  00000+0  15330-2 0  9995
2 84079  62.7933 333.0988 3993178 166.4570 208.7115  7.06538097195614
UNKNOWN                 
1 84188U          21274.30445456  .00043206  00000+0  46490-1 0  9994
2 84188  64.7304 122.9935 4982687 137.4137 274.5025  5.45827164148242
UNKNOWN                 
1 84197U          21274.25803136  .00000675  00000+0  16848-2 0  9999
2 84197  20.3270 297.5599 6026514 101.3450 328.0579  3.83496766 78268
UNKNOWN                 
1 84232U 79104    21273.37127849  .00000983  00000+0  12162-2 0  9999
2 84232  20.6309 348.3962 6892459  69.9235 348.2418  2.71677485 59879
UNKNOWN                 
1 84249U          21273.21580224  .00005406  00000+0  30206-2 0  9993
2 84249  64.5026 359.7332 5683420   0.2868 359.9626  4.45045550 80938
UNKNOWN                 
1 84292U          21272.58422811  .00009332  00000+0  14116-2 0  9991
2 84292  23.9342  59.3866 4880892 260.4555  43.3445  5.82481486135214
UNKNOWN                 
1 84342U          21274.31510711  .00092949  00000+0  19603-1 0  9998
2 84342  21.8073 158.5074 5776666  92.9570 330.6525  4.37326330 78694
UNKNOWN                 
1 84346U          21273.20745621  .00004104  00000+0  11378-2 0  9997
2 84346  20.8285 266.0813 6916527 116.1157 328.1464  2.74709051 42612
UNKNOWN                 
1 84353U          21274.01549035 -.00000061  00000+0  00000+0 0  9992
2 84353  19.5074 334.5371 6707290 171.6937 210.7931  2.03746407 36850
UNKNOWN                 
1 84406U          21273.55681935  .00000486  00000-0  28584-2 0  9996
2 84406 101.6649  24.3533 0045023 189.2371 183.6431 12.64930888855166
UNKNOWN                 
1 84414U          21274.19567229  .00032052  00000+0  17624-2 0  9991
2 84414  65.2167   0.4180 4158684 318.5862  16.4089  7.16117316123942
UNKNOWN                 
1 84415U          21274.43131574  .00109914  00000+0  64135-2 0  9990
2 84415  23.7942  27.1360 5006396 150.1004 251.6411  5.68188583  4725
UNKNOWN                 
1 84434U          21272.99188349  .00001840  00000+0  49322-2 0  9992
2 84434  19.9298 202.3134 7168504  45.1161 354.2394  2.33922148 49734
UNKNOWN                 
1 84452U          21274.01369282  .00012124  00000+0  98737-3 0  9996
2 84452   2.7878 265.7671 6364468 327.4378   5.7181  3.54582705 96233
UNKNOWN                 
1 84480U          21274.40211230  .00003735  00000+0  18649-2 0  9990
2 84480  45.9210  13.3394 4550650 352.7050   2.4534  6.25777608161573
UNKNOWN                 
1 84575U          21274.32128324 -.00000342  00000+0 -15754-1 0  9993
2 84575  18.6310 310.7206 7129218 163.1656 245.8195  2.19823626 31723
UNKNOWN                 
1 84588U          21273.79369532  .00003231  00000+0  15020-2 0  9990
2 84588   1.9861 130.4529 7037499 113.8098 331.6637  2.57145435 67371
UNKNOWN                 
1 84597U          21250.25791252  .00001251  00000+0  53465-2 0  9999
2 84597  18.3214 243.3524 7289406 279.7366  11.6932  2.17920909 34494
UNKNOWN                 
1 84911U          21274.30394468 -.00000196  00000+0 -31976-2 0  9991
2 84911   1.6279  99.8355 6560648 348.2152  30.2155  2.95790853 85141
UNKNOWN                 
1 84932U          21274.33365321  .00000199  00000+0  27008-2 0  9995
2 84932   2.4746 340.4063 6581012 224.1446 161.5154  2.98964039 85845
UNKNOWN                 
1 84950U          21274.56509175  .00000058  00000+0  00000+0 0  9991
2 84950   1.9234 106.7544 6972059  76.8423 239.5652  2.04262938 58654
UNKNOWN                 
1 84961U          21274.03220737 -.00000129  00000+0  00000+0 0  9999
2 84961   9.2179 300.0399 0148968 228.7941 129.8398  0.98633530 28323
UNKNOWN                 
1 85001U          21272.45533994  .00027584  00000+0  37695-2 0  9997
2 85001  51.4304 305.0163 2754449 150.6659 228.1925  9.68422265282317
UNKNOWN                 
1 85004U          21274.26096161  .00000278  00000+0  10821-3 0  9995
2 85004  98.2622 270.4026 0052358  80.7242 345.9728 14.35901128411676
UNKNOWN                 
1 85010U          21274.17294116  .00000480  00000+0  58651-3 0  9990
2 85010  99.3698 158.1847 0027747 305.1192 206.9048 13.70874786393524
UNKNOWN                 
1 85011U          21274.00673172  .00007248  00000+0  29523-2 0  9990
2 85011  70.9824 128.4892 0020835  14.3392 345.8323 14.27615917204110
UNKNOWN                 
1 85015U          21272.22786849  .00000095  00000+0  26141-4 0  9990
2 85015  74.0468  89.3000 0014238  27.3202 332.8709 14.59716962418403
UNKNOWN                 
1 85023U          21274.21565199  .00002048  00000+0  86969-3 0  9996
2 85023  99.8626  37.6457 0004429 132.8211 344.7211 14.26656376408065
UNKNOWN                 
1 85027U          21274.55542671  .00000032  00000+0  10527-3 0  9995
2 85027  66.0403 252.5583 0186390 282.6093  75.4185 13.73327703394024
UNKNOWN                 
1 85047U          21274.37959335  .00001815  00000+0  50001-2 0  9996
2 85047 102.1502 312.6659 0188783  69.7460 292.3828 13.08979247373902
UNKNOWN                 
1 85061U          21274.38478424  .00001793  00000+0  82970-2 0  9993
2 85061 102.4172 108.1237 0313695 260.5634 221.9237 12.64163436361219
UNKNOWN                 
1 85100U          21273.07628737  .00000080  00000+0  34649-4 0  9996
2 85100  74.0478 174.8485 0011550  62.8466   1.1855 14.38871567412509
UNKNOWN                 
1 85106U          21273.26274058  .00000325  00000+0  42269-3 0  9994
2 85106 100.1626 273.4510 0009578 311.9584  61.2395 13.70435269392729
UNKNOWN                 
1 85111U 73086    21273.36649703 -.00000004  00000+0  26167-3 0  9992
2 85111 101.6248 244.8602 0012989  46.5143 313.7006 12.50873223274004
UNKNOWN                 
1 85117U          21273.56328995  .00010205  00000+0  12828-2 0  9994
2 85117  70.0367 340.6604 0067590 256.6018 102.7592 14.80693306370685
UNKNOWN                 
1 85124U          21273.37357082  .00010308  00000+0  15187-2 0  9995
2 85124  82.2331 317.0824 0381177  34.2953 328.2219 14.36155691248135
UNKNOWN                 
1 85133U          21267.42380309  .00000984  00000+0  45132-3 0  9995
2 85133  98.8848 322.8524 0029390  74.2749 286.1667 14.23439313311373
UNKNOWN                 
1 85151U 86019    21273.48773276  .00001603  00000+0  54011-3 0  9996
2 85151  98.4997 107.6262 0015616 138.6628 221.5744 14.38321478256992
UNKNOWN                 
1 85159U          21274.44150379  .00002355  00000+0  12227-2 0  9997
2 85159  98.8335 177.0771 0083120 301.3253  57.9802 14.13966347281755
UNKNOWN                 
1 85175U          21274.46045924  .00004818  00000+0  10213-2 0  9995
2 85175 101.3723 146.9921 0149513 327.9288  31.2865 14.53167635400324
UNKNOWN                 
1 85205U          21273.02219181  .00000089  00000+0  75314-4 0  9999
2 85205  82.9604  13.6913 0035461 261.0331 223.7635 13.76424167395218
UNKNOWN                 
1 85210U 75052    21274.55989096  .00000554  00000+0  59653-3 0  9996
2 85210  99.7840   6.1350 0219491 279.1157  94.2680 13.68293481392286
UNKNOWN                 
1 85217U          21273.00519692  .00000428  00000+0  14524-3 0  9992
2 85217  97.9298 112.4431 0240982  41.8991 320.0357 14.25927833408480
UNKNOWN                 
1 85220U          21274.24323150  .00005066  00000+0  14463-2 0  9999
2 85220  99.4103  74.2998 0174653 120.9626 240.8851 14.37083377410631
UNKNOWN                 
1 85237U          21274.49318110  .00002944  00000+0  71989-3 0  9993
2 85237  65.5421 198.1460 0602447 352.0881   7.0990 13.80038869395524
UNKNOWN                 
1 85238U          21273.64756843  .00000013  00000+0  44680-4 0  9993
2 85238  98.8759 239.5745 0064373  38.8495 135.3447 13.87949744398002
UNKNOWN                 
1 85246U          21273.63533342  .00000335  00000+0  14438-3 0  9992
2 85246  98.0668  37.6658 0240868 115.8619 246.7607 14.15511124405666
UNKNOWN                 
1 85266U          21273.91082103  .00006156  00000+0  52486-2 0  9990
2 85266  62.7524 101.0789 3622975 153.9539 230.0811  7.75154206221276
UNKNOWN                 
1 85283U 78098    21266.98152671  .00003172  00000+0  74233-3 0  9998
2 85283  99.7047 281.3443 0030824  84.8965 275.5745 14.55207494316709
UNKNOWN                 
1 85292U          21273.75302801  .00002699  00000+0  71454-3 0  9996
2 85292  65.8321  86.3595 0045411  50.3226 310.1866 14.49839632964207
UNKNOWN                 
1 85370U          21274.22292815  .00000418  00000+0  42246-3 0  9993
2 85370  99.9552  14.5793 0009049  83.0746 307.6916 13.83668373396720
UNKNOWN                 
1 85373U          21273.01572454  .00000805  00000+0  67481-3 0  9990
2 85373 100.4390  93.6185 0055471 283.3383 228.8736 13.91172253398223
UNKNOWN                 
1 85383U          21271.47411819  .00001538  00000+0  44404-3 0  9990
2 85383  98.6549 356.8800 0105209 308.3280  50.8487 14.42975066363447
UNKNOWN                 
1 85386U          21272.24961729  .00002556  00000+0  67215-3 0  9995
2 85386  98.6395   9.9847 0114436 242.9302 144.0105 14.46190738413949
UNKNOWN                 
1 85407U          21260.78039571  .00075067  00000-0  89827-3 0  9997
2 85407  41.5567  78.1546 0004620 272.7793  87.2497 15.59987710    92
UNKNOWN                 
1 87014U          21274.11462737  .00000787  00000+0  14507-2 0  9997
2 87014 100.4922 142.0310 0060314 318.9079 194.5492 13.42938957384507
UNKNOWN                 
1 87029U 99025    21270.63269151  .00000027  00000+0  46761-4 0  9992
2 87029  98.9259 332.1052 0080578 209.1034 150.5628 14.00119797377635
UNKNOWN                 
1 87042U 00055    21274.13439146  .00000311  00000+0  22307-3 0  9999
2 87042  98.8847 341.6968 0045782  75.7026 284.9219 14.03731468338597
UNKNOWN                 
1 87051U 76126    21274.30408803  .00000341  00000+0  15843-3 0  9996
2 87051  65.7308 275.9640 0751963 109.3467 259.0399 13.36041442383128
UNKNOWN                 
1 87054U 75052    21274.41504759  .00000368  00000+0  28533-3 0  9994
2 87054 100.0734 323.1442 0011974 102.4612 257.7889 14.00071992401091
UNKNOWN                 
1 87065U 99025    21274.07014180  .00000700  00000+0  90574-3 0  9992
2 87065  98.7125 321.9743 0338163 261.7925  94.4732 13.43967860310252
UNKNOWN                 
1 87071U 68097    21273.70804724  .00001680  00000+0  74506-3 0  9999
2 87071  61.2279  62.5634 0558075 223.1491 132.4500 13.65706945391789
UNKNOWN                 
1 87074U 77121    21274.52511180  .00000040  00000+0  12396-3 0  9990
2 87074  66.1453  15.1200 0144341  28.1072 332.7687 13.70133704393043
UNKNOWN                 
1 87079U          21274.31441431  .00024421  00000+0  22603-2 0  9995
2 87079  70.3186 244.9431 0027368 341.0471  18.9667 14.94179670424321
UNKNOWN                 
1 87091U          21274.40014983  .00026118  00000+0  12925-2 0  9998
2 87091  65.6990 315.9168 0152546 256.8243 101.5828 15.08050302427246
UNKNOWN                 
1 87107U          21272.60410651  .00122936  00000+0  39735-2 0  9991
2 87107  98.8993  34.5623 0010995 166.3949 193.7586 15.31519511379837
UNKNOWN                 
1 87113U 76126    21274.19493119  .00004194  00000+0  65133-3 0  9993
2 87113  65.6663 203.6654 0373753 287.0004 139.2730 14.36701681410657
UNKNOWN                 
1 87129U 76077    21273.94372222  .00000014  00000+0  44492-3 0  9990
2 87129 102.3489 322.8014 0030930  28.3098 331.9638 12.42042396356191
UNKNOWN                 
1 87159U          21271.05585591  .00000365  00000+0  44618-3 0  9990
2 87159  90.3081  17.8784 0122139 119.1697 242.1746 13.61044264347348
UNKNOWN                 
1 87163U 76126    21274.26644264  .00000350  00000+0  14239-3 0  9996
2 87163  65.6048  11.4292 0704521  12.1582 349.5516 13.50510366369611
UNKNOWN                 
1 87164U          21274.30688981  .00000973  00000+0  29582-3 0  9992
2 87164  65.2077  23.9244 0149970 329.2070  30.0285 14.40912492413835
UNKNOWN                 
1 87203U          21271.56840582  .00003686  00000+0  86141-3 0  9996
2 87203  98.8712 185.2229 0066298 341.8950  17.9884 14.54003328328603
UNKNOWN                 
1 87204U          21274.39094767  .00000714  00000+0  34644-3 0  9997
2 87204  98.6862 144.8898 0051967 103.2237 257.4744 14.20684707407193
UNKNOWN                 
1 87211U          21274.49007337  .00000685  00000+0  26674-3 0  9994
2 87211  99.0066 176.4627 0068844 340.9121 194.8271 14.31880766487515
UNKNOWN                 
1 87213U 99025    21270.66707152  .00005849  00000+0  75142-3 0  9999
2 87213  99.0456  66.7386 0062556 250.0804 109.3658 14.80273222333737
UNKNOWN                 
1 87214U 70025    21272.76427965  .00000297  00000+0  33597-3 0  9993
2 87214 100.3446 111.0167 0076270 222.8934 136.6250 13.78815878388403
UNKNOWN                 
1 87222U          21272.50018129  .00015405  00000+0  89739-3 0  9994
2 87222  98.9488 191.3351 0062386  78.3439 282.4779 15.10464938517183
UNKNOWN                 
1 87228U 99025    21269.57452510  .00002346  00000+0  85337-3 0  9994
2 87228  98.9290  26.2221 0043202 316.4376  43.3398 14.33688007383578
UNKNOWN                 
1 87235U          21274.22018930  .00001017  00000+0  39407-3 0  9990
2 87235  98.9410  51.1194 0151530 341.1372  18.4230 14.26234852366421
UNKNOWN                 
1 87237U 99025    21274.35049481  .00000149  00000+0  15060-3 0  9990
2 87237  99.4450 298.7648 0107097  91.4277 283.5257 13.89990605398628
UNKNOWN                 
1 87239U 81053    21273.95954541  .00001556  00000+0  64972-3 0  9990
2 87239  82.8816 268.4482 0032784  80.4344 280.0542 14.25364021407948
UNKNOWN                 
1 87245U 71015    21273.97647865  .00001780  00000+0  46730-3 0  9995
2 87245  65.6604 100.9070 0517833 139.8446  11.9338 13.93447756399155
UNKNOWN                 
1 87256U 99025    21268.41861127  .00000423  00000+0  28044-3 0  9991
2 87256  98.8733 337.5431 0042641  50.9874 309.5079 14.06375790367229
UNKNOWN                 
1 87271U 71015    21273.38180982  .00001071  00000+0  28400-3 0  9998
2 87271  65.7728 271.0576 0552218 127.6844 237.5646 13.88491214397345
UNKNOWN                 
1 87280U          21273.66544809  .00000160  00000+0  37977-3 0  9994
2 87280  64.6162  63.1396 0131429 262.2414  96.3685 13.46976740327120
UNKNOWN                 
1 87293U 71015    21274.41535783  .00001789  00000+0  48232-3 0  9991
2 87293  65.9105 160.4912 0515337  97.8460 268.1411 13.92757073398960
UNKNOWN                 
1 87300U 70025    21273.45242323  .00000598  00000+0  49890-3 0  9996
2 87300 100.1051  94.5113 0032773  36.6457 323.6933 13.92884857399122
UNKNOWN                 
1 87304U          21270.80811764  .00000348  00000+0  65884-4 0  9998
2 87304  74.0188  68.3125 0019951  66.1846 294.1413 14.68168064420490
UNKNOWN                 
1 87305U 93036    21274.38677176  .00002362  00000+0  46115-3 0  9997
2 87305  73.9961 298.6739 0031771 100.8185 259.6561 14.63213391249019
UNKNOWN                 
1 87320U 71015    21272.82016587  .00000273  00000+0  22724-3 0  9996
2 87320  66.5970 116.3005 0450680 304.6040  51.3283 13.62013993384229
UNKNOWN                 
1 87334U          21274.45061068  .00004088  00000+0  53716-2 0  9994
2 87334  89.9988 271.0330 0073650 212.5502 147.1103 13.60017439175882
UNKNOWN                 
1 87335U          21274.42881025  .00003579  00000+0  46501-2 0  9993
2 87335  89.9840 269.7251 0080852 198.7375 161.0802 13.60451406175934
UNKNOWN                 
1 87382U 93016    21274.46086819  .00046089  00000+0  65103-2 0  9998
2 87382  70.9697 197.2453 0005814 319.2790  40.7929 14.76897211330652
UNKNOWN                 
1 87397U 94029    21274.49991269  .00001914  00000+0  34594-3 0  9995
2 87397  81.2428 325.3246 0011151 276.8842  83.1091 14.66046253331536
UNKNOWN                 
1 87405U 81053    21274.49414466  .00001019  00000+0  81995-3 0  9990
2 87405  82.7595 179.6002 0058693  34.6253 325.8710 13.88846978397884
UNKNOWN                 
1 87410U 76077    21272.33259265  .00000827  00000+0  79825-2 0  9995
2 87410 102.2676 216.8543 0200620 293.2744  64.7303 12.19204858349690
UNKNOWN                 
1 87416U 81053    21274.19089835  .00002039  00000+0  84042-3 0  9996
2 87416  82.8380 191.2787 0016366 122.7246 237.5519 14.26386852389544
UNKNOWN                 
1 87423U 99057    21273.98088852  .00013305  00000+0  12965-2 0  9993
2 87423  98.8355 295.1986 0052191 134.5105 226.0393 14.91602411332081
UNKNOWN                 
1 87426U          21273.82945267  .00000865  00000+0  49237-3 0  9991
2 87426  65.8053 104.5908 0074029  11.4235   2.6344 14.13577294404854
UNKNOWN                 
1 87433U          21274.30776884  .00000717  00000+0  14871-2 0  9991
2 87433 100.2370  47.6495 0042761 335.2040  24.7029 13.35811318227539
UNKNOWN                 
1 87448U 70025    21274.46814675  .00000612  00000+0  58616-3 0  9999
2 87448 100.4690 283.1837 0067535 188.8374 171.1593 13.84247810396711
UNKNOWN                 
1 87456U 76126    21270.82265436  .00001280  00000+0  26527-3 0  9995
2 87456  65.7909 105.6575 0610345  61.0804 305.0076 13.86469403396794
UNKNOWN                 
1 87468U 93036    21273.67380742  .00004377  00000+0  53284-3 0  9991
2 87468  74.0158  56.8808 0066792 210.3609 149.3693 14.82155047251983
UNKNOWN                 
1 87491U 99025    21274.46501175  .00003316  00000+0  80950-3 0  9996
2 87491  98.6377 344.5974 0074029 179.5408 180.5867 14.51679001358985
UNKNOWN                 
1 87501U 93036    21274.47072328  .00005865  00000+0  17711-2 0  9993
2 87501  74.0335 209.6470 0024810 285.2866  74.5548 14.42461415246754
UNKNOWN                 
1 87517U 76126    21273.53400760  .00001056  00000+0  35312-3 0  9998
2 87517  65.8283 313.8630 0736566 316.8571 107.8698 13.45652337385521
UNKNOWN                 
1 87541U 70025    21274.52812681  .00000252  00000+0  58056-3 0  9993
2 87541  99.8792 171.1539 0061128 358.9820 124.2925 13.34893595377429
UNKNOWN                 
1 87553U 76126    21272.87233992  .00001187  00000+0  42069-3 0  9997
2 87553  65.6721  68.0497 0743125 186.9998 172.0200 13.41822184384598
UNKNOWN                 
1 87557U 73086    21272.75599659  .00001561  00000+0  43843-2 0  9991
2 87557 101.7313 287.3430 0076594 121.0389 239.8266 13.12899384362647
UNKNOWN                 
1 87561U 76077    21274.13692144  .00000003  00000+0  37535-3 0  9998
2 87561 102.1983 341.5622 0175516 211.3669 175.7944 12.32153791353551
UNKNOWN                 
1 87565U 99025    21274.30542152  .00000322  00000+0  21860-3 0  9990
2 87565  99.9694 110.0082 0183024 342.5532  16.9395 14.00427389401481
UNKNOWN                 
1 87569U 99025    21273.26733299 -.00000034  00000+0  66178-4 0  9995
2 87569 101.8092  22.5449 0055901  36.2456 352.4862 12.68471985363902
UNKNOWN                 
1 87587U 93036    21271.12902118  .00000053  00000+0  25788-4 0  9994
2 87587  74.0244  61.0547 0019890 110.5328 249.7963 14.38869141412729
UNKNOWN                 
1 87590U 99025    21273.07017590  .00000110  00000+0  91597-4 0  9994
2 87590  98.9751 312.4084 0026240 280.8963 108.3529 14.07626020939188
UNKNOWN                 
1 87616U 76067    21274.29299487  .00000212  00000+0  93240-3 0  9995
2 87616  66.0374 277.9861 0627814  71.0941 309.5397 12.44724006345239
UNKNOWN                 
1 87624U 99025    21274.53237816  .00000748  00000+0  17645-3 0  9997
2 87624  98.7855 117.0325 0129026 273.5146  85.1298 14.52702250356755
UNKNOWN                 
1 87642U          21274.28899550  .00009995  00000+0  58629-3 0  9993
2 87642  62.2265 283.8732 0144986 200.1461 159.3876 15.03812167421067
UNKNOWN                 
1 87650U          21270.78414400  .00001541  00000+0  61951-3 0  9991
2 87650 100.2882 117.5271 0053017 324.7436  35.0238 14.29258035966627
UNKNOWN                 
1 87656U          21273.59623668  .00004186  00000+0  97611-3 0  9997
2 87656  99.1319  33.0104 0016482 286.3748  73.5634 14.55297080776623
UNKNOWN                 
1 87664U 75052    21274.23972519  .00000375  00000+0  11312-2 0  9998
2 87664  99.7053 278.6045 0213582 245.1046 175.0728 13.06139218341104
UNKNOWN                 
1 87672U 93016    21274.04159347  .00000647  00000+0  33067-3 0  9996
2 87672  70.8624  48.7356 0062355  74.2842 286.5148 14.18366937406417
UNKNOWN                 
1 87681U          21274.28228417  .00000233  00000+0  33517-3 0  9999
2 87681  66.7361 116.3604 0156929  95.9591 265.9385 13.66994799391972
UNKNOWN                 
1 87690U 76126    21274.34469411  .00000803  00000+0  16485-3 0  9997
2 87690  65.7997 296.8064 0667853  93.0376 274.7266 13.77754396394735
UNKNOWN                 
1 87692U 92093    21274.37326790  .00170098  00000+0  86435-2 0  9990
2 87692  70.8510  47.6164 0005249  24.9130 335.2297 15.15973492422827
UNKNOWN                 
1 87706U          21274.29965376  .00000687  00000+0  17804-3 0  9994
2 87706  98.5300  32.4142 0135630 272.9000 114.4257 14.47921866355655
UNKNOWN                 
1 87725U 81053    21274.32556411  .00001180  00000+0  38846-3 0  9990
2 87725  82.8953 119.5346 0031259 248.1116 111.6750 14.37248134411125
UNKNOWN                 
1 87727U 92093    21274.42861229  .00007504  00000+0  13709-2 0  9991
2 87727  70.9810 159.8802 0003606  85.3344 274.8217 14.66210246417109
UNKNOWN                 
1 87730U          21274.32772310  .00000069  00000+0  57527-4 0  9990
2 87730  82.9410 288.3469 0028881 318.6445  41.2523 13.74175690374711
UNKNOWN                 
1 87737U 99025    21273.38863472 -.00000024  00000+0  22369-4 0  9995
2 87737  99.5987 140.1725 0133030 213.7122 145.5511 13.72007795393434
UNKNOWN                 
1 87764U 76126    21273.11475071  .00000722  00000+0  18819-3 0  9995
2 87764  65.6747 305.4165 0478142 118.4741 280.8921 14.04223930401817
UNKNOWN                 
1 87771U 75052    21273.64648262  .00000048  00000+0  23098-3 0  9998
2 87771 100.6452  59.6919 0119892 240.5873 118.3229 13.19028548332801
UNKNOWN                 
1 87782U 73086    21274.34037940  .00001160  00000+0  45575-2 0  9997
2 87782 102.3444 297.5331 0067342  80.5714 280.2981 12.90553019369530
UNKNOWN                 
1 87817U 68097    21269.61359852  .00007224  00000+0  43653-3 0  9998
2 87817  62.7655  26.0635 0182728  22.5648 338.3353 14.98598243455208
UNKNOWN                 
1 87818U          21266.12456927  .00035784  00000+0  71228-2 0  9993
2 87818  61.9411  64.2497 3810481 212.5544 116.9975  7.65268925163521
UNKNOWN                 
1 87843U 70025    21272.86160323  .00000665  00000+0  17242-2 0  9991
2 87843  99.6897 142.1318 0254887 340.0993  19.0316 13.10180057362773
UNKNOWN                 
1 87845U          21274.49134244 -.00000128  00000+0 -19279-3 0  9992
2 87845  98.8660 157.9289 0586559 168.9933 192.4671 12.84345955368091
UNKNOWN                 
1 87878U          21271.73868611  .00000810  00000+0  33710-3 0  9996
2 87878  99.2352 278.4173 0043034  44.4749 315.9873 14.28841398391285
UNKNOWN                 
1 87883U 99025    21272.41735368  .00000267  00000+0  11499-3 0  9991
2 87883  99.2423 156.2916 0298563   8.9203 351.7110 14.12103930355432
UNKNOWN                 
1 87884U 99025    21273.68608538 -.00000081  00000+0 -23196-4 0  9994
2 87884  98.5707  64.3900 0157989  67.5413 294.2400 14.04419478402942
UNKNOWN                 
1 87898U 99025    21272.82175916  .00001835  00000+0  67795-3 0  9991
2 87898  98.9100 129.8014 0135957  63.3226 298.1802 14.28660146408152
UNKNOWN                 
1 87934U          21273.96376250  .00000044  00000+0  31689-4 0  9992
2 87934  82.9407 352.8837 0030176 341.4592 141.5860 13.72797579393854
UNKNOWN                 
1 87942U          21272.55503363  .00003767  00000+0  40396-3 0  9991
2 87942  99.0504 204.3761 0144915 338.1792 194.5990 14.81977150417551
UNKNOWN                 
1 87970U          21272.60265517  .00122322  00000+0  28260-2 0  9998
2 87970  99.0122 198.6417 0013165 295.6487  64.3394 15.41955652377222
UNKNOWN                 
1 87972U 99025    21273.99945896  .00003686  00000+0  13258-2 0  9995
2 87972  98.8086 194.5045 0164871 187.5594 172.3098 14.27088992356226
UNKNOWN                 
1 87991U 77065    21274.41756292  .00003994  00000+0  78250-2 0  9999
2 87991  28.6229 185.9048 0927375  73.3136 296.7027 12.29718024333824
UNKNOWN                 
1 87998U 99025    21272.92573575  .00000322  00000+0  21393-3 0  9990
2 87998  98.7263 318.2996 0026441 276.4961  83.3198 14.07989802332691
UNKNOWN                 
1 88304U          21254.33431390  .00002187  00000-0  12624-3 0  9999
2 88304  97.5170  22.0576 0009610 358.6817   1.4387 15.13354478 11725
UNKNOWN                 
1 89003U          21270.41965562  .00000062  00000+0  31157-4 0  9998
2 89003  74.0467 311.6524 0015579  24.3658 335.8227 14.34694953410987
UNKNOWN                 
1 89005U          21273.01695521  .00001038  00000+0  28991-3 0  9999
2 89005  97.9599 198.1369 0223371  17.7438 343.1392 14.34523760313385
UNKNOWN                 
1 89029U          21274.35006174  .00000737  00000+0  10766-3 0  9999
2 89029  98.2350 121.3578 0029541 262.3452  97.4403 14.78610792423617
UNKNOWN                 
1 89037U          21265.20199638  .00001004  00000+0  61892-3 0  9994
2 89037  98.4265 239.3520 0137056 221.3804 137.6919 14.02992936305402
UNKNOWN                 
1 89048U          21274.35679479  .00008923  00000+0  19940-2 0  9991
2 89048  98.9819 143.5274 0024438 345.6732  14.3768 14.56822351414715
UNKNOWN                 
1 89067U          21274.43997853  .00012825  00000+0  41661-3 0  9992
2 89067  80.9908 171.8561 0592103 314.3005  41.1029 14.40665807359938
UNKNOWN                 
1 89074U          21274.50107007  .00001723  00000+0  20734-2 0  9994
2 89074 100.3001 284.3917 0053139 290.0282 224.4747 13.67767436379068
UNKNOWN                 
1 89101U          21273.68081151 -.00000039  00000+0  12625-4 0  9996
2 89101 100.2694 251.6207 0147317 297.4574  61.1618 13.03634389354934
UNKNOWN                 
1 89123U          21272.20772014  .00001626  00000+0  80824-3 0  9999
2 89123  99.0665   3.2336 0061627 313.8405  45.7685 14.17581364309088
UNKNOWN                 
1 89127U          21273.06448376  .00005760  00000+0  61470-3 0  9998
2 89127  74.0697 141.6505 0043593 222.0224 137.7611 14.88359993263783
UNKNOWN                 
1 89132U          21274.27172344  .00001951  00000+0  18167-2 0  9999
2 89132  63.4063  12.5443 3063403 319.6530  21.2590  8.72455651190329
UNKNOWN                 
1 89135U          21272.83330149  .00001191  00000+0  60194-3 0  9995
2 89135  71.0659 308.0594 0133532  65.7653 295.7355 14.13634399404540
UNKNOWN                 
1 89140U          21273.39330906  .00014291  00000+0  38320-2 0  9994
2 89140  99.0736 328.8074 0008227  53.0725 307.1218 14.48251316268903
UNKNOWN                 
1 89146U          21274.29401799  .00000706  00000+0  18591-3 0  9994
2 89146  98.1615 212.0941 0120778 106.7202 254.7287 14.47734272406121
UNKNOWN                 
1 89158U          21274.28900278  .00010887  00000+0  11752-2 0  9994
2 89158  98.8483 306.5084 0091489 116.1601 244.9057 14.85510785263080
UNKNOWN                 
1 89161U          21273.90021651  .00001555  00000+0  22295-3 0  9992
2 89161  97.7640 308.3201 0135314 101.9721 259.6692 14.71793387320302
UNKNOWN                 
1 89171U          21265.29178839  .00010807  00000+0  94576-3 0  9998
2 89171  99.0332  96.1739 0055736 203.3194 156.5493 14.95743960323792
UNKNOWN                 
1 89172U 81053    21274.44235387  .00001157  00000+0  28053-3 0  9990
2 89172  82.0814 168.3975 0418486 154.5865 207.6557 14.10170172383736
UNKNOWN                 
1 89177U          21270.91247261  .00000036  00000+0  22293-4 0  9996
2 89177  82.9223 328.2114 0033946  97.3415 263.1600 13.73403082851996
UNKNOWN                 
1 89183U          21274.24857049  .00000212  00000+0  23465-3 0  9991
2 89183  99.1892 203.4757 0132670 269.0670  89.5280 13.79155127395433
UNKNOWN                 
1 89184U          21274.34884470  .00001681  00000+0  55642-3 0  9994
2 89184  98.4885 108.5057 0018826 139.4117 220.8478 14.39104571269598
UNKNOWN                 
1 89195U          21273.13519803  .00000978  00000+0  44388-3 0  9990
2 89195  98.7952 335.6570 0030136  19.9583 340.2767 14.23964498308652
UNKNOWN                 
1 89206U          21274.32056321  .00001766  00000+0  76612-3 0  9997
2 89206  98.7262 296.0853 0028019 324.7908  35.1420 14.25273165266967
UNKNOWN                 
1 89213U          21273.56982418  .00000236  00000+0  18427-3 0  9996
2 89213  98.8694 198.2217 0234319 359.1818   0.8927 13.89102518239510
UNKNOWN                 
1 89218U          21272.37248330  .00000305  00000+0  33117-3 0  9997
2 89218 100.3646  56.3978 0102749 357.7720   2.2958 13.79937311381509
UNKNOWN                 
1 89255U          21270.84678018  .00000748  00000+0  10139-2 0  9997
2 89255  98.6429 233.8721 0367667  25.3169 336.5487 13.37371013289460
UNKNOWN                 
1 89261U          21270.38311219  .00000174  00000+0  69506-4 0  9997
2 89261  98.2425 311.9284 0014685 126.9962 233.2573 14.39193365312459
UNKNOWN                 
1 89281U          21273.52801491  .00002888  00000+0  85643-3 0  9997
2 89281  99.3254   7.5123 0015594  46.9166 325.9930 14.44124237412466
UNKNOWN                 
1 89285U          21274.09473856  .00396507  16713-4  11399-1 0  9996
2 89285  62.9039 168.1828 1666401  98.7535 280.4975 12.14677829186038
UNKNOWN                 
1 89304U          21274.02661137  .00001037  00000+0  72925-2 0  9993
2 89304  85.0192 106.9673 2611461  80.5947  46.0563  8.85807344301710
UNKNOWN                 
1 89314U          21273.68149005  .00003853  00000+0  46162-2 0  9992
2 89314  18.9345 113.2940 7167184 146.5062 292.4213  2.37521233 50832
UNKNOWN                 
1 89327U          21273.90558984 -.00000239  00000+0 -21954-3 0  9991
2 89327  82.5431 126.5447 0009036 148.2916 211.8792 13.86361080261793
UNKNOWN                 
1 89341U          21265.05903837  .00267371  00000+0  13633-2 0  9999
2 89341  98.1709 298.8394 0005898 183.6341 176.4883 15.80646058384094
UNKNOWN                 
1 89347U          21273.75852095  .00011837  00000+0  21742-2 0  9994
2 89347  86.2811 287.5417 0051635  34.9522 325.5062 14.64727636272716
UNKNOWN                 
1 89349U          21274.45564335  .00000374  00000+0  12985-2 0  9994
2 89349  90.2761 331.8326 0029134 335.4778  24.4954 12.95524465280171
UNKNOWN                 
1 89379U          21274.48775858  .00000192  00000+0  38892-3 0  9998
2 89379 100.5508 173.3764 0045340 259.1774 100.4251 13.48055103373252
UNKNOWN                 
1 89381U          21274.35465969  .00020330  00000+0  35122-2 0  9994
2 89381  98.7575  62.3111 0074155 224.7114 134.8095 14.66626902251278
UNKNOWN                 
1 89389U          21272.58552927  .00003079  00000+0  46484-3 0  9991
2 89389  74.0501 218.6999 0083618 297.7566  61.5144 14.72420451316054
UNKNOWN                 
1 89390U          21272.64479257  .00014647  00000+0  13177-2 0  9999
2 89390  98.9727  60.7932 0038033 155.0647 205.2417 14.95215419404555
UNKNOWN                 
1 89391U          21274.41533213  .00008509  00000+0  78130-3 0  9991
2 89391  97.4180  76.3590 0202749 142.0118 219.5597 14.80656518198327
UNKNOWN                 
1 89395U          21271.03200330  .00000332  00000+0  42473-2 0  9997
2 89395 102.3589 310.2258 0224062 223.2153 166.9267 12.01136022340214
UNKNOWN                 
1 89400U          21270.22320746  .00002217  00000+0  15294+0 0  9990
2 89400  63.1748  93.7947 2328651  99.3098 287.6226  8.16226525223272
UNKNOWN                 
1 89403U          21274.44106855  .00001094  00000+0  37797-2 0  9991
2 89403  90.2754 330.2173 0022717 325.9642  47.6009 12.96719198278985
UNKNOWN                 
1 89438U          21274.36831724  .00061536  00000+0  37703-2 0  9994
2 89438  86.3746 252.6535 0012278 154.6245 205.5598 15.09844870317879
UNKNOWN                 
1 89453U          21274.44692756  .00006164  00000+0  43122-3 0  9999
2 89453  97.2696  90.7041 0144649 322.0317  37.0775 14.97460038277262
UNKNOWN                 
1 89460U          21274.30604539  .00000611  00000+0  12913-2 0  9998
2 89460 100.2889  48.1954 0049893 340.5663  19.3558 13.35104839228299
UNKNOWN                 
1 89483U          21272.79178359  .00003550  00000+0  39110-3 0  9994
2 89483  99.5014 267.7380 0266761  70.2353 292.7403 14.65809075271601
UNKNOWN                 
1 89484U          21274.14131736  .00007543  00000+0  11077+0 0  9998
2 89484  85.1553 162.5104 2425601 128.4952 255.9613  8.83991181218484
UNKNOWN                 
1 89490U          21274.40358223  .00002929  00000+0  14084-2 0  9993
2 89490  98.3775 252.9513 0134444  35.7508 325.2577 14.14897597262237
UNKNOWN                 
1 89492U          21273.60088999  .00000806  00000+0  59652-3 0  9999
2 89492  82.5313 224.3118 0028904  48.4572 311.9066 13.94017045353225
UNKNOWN                 
1 89493U          21274.33496139  .00000663  00000+0  41394-3 0  9995
2 89493  99.1408 307.3997 0092121  20.1472 340.3294 14.06262790247820
UNKNOWN                 
1 89494U          21274.06268651  .00000580  00000+0  36549-3 0  9996
2 89494  99.1412 307.1264 0092728  20.9042 339.5878 14.06243216247645
UNKNOWN                 
1 89496U          21268.34519471  .00005146  00000+0  64320-3 0  9992
2 89496  98.8910 308.5334 0091678 212.7000 146.8514 14.79897092251342
