NOAA 15                 
1 25338U 98030A   21275.36586038  .00000064  00000-0  45227-4 0  9991
2 25338  98.6753 302.8974 0009788 335.1810  24.8898 14.26060788216489
NOAA 18                 
1 28654U 05018A   21275.46912915  .00000107  00000-0  82295-4 0  9991
2 28654  98.9839 340.7073 0013797 344.1781  15.8957 14.12642731843643
METOP-A                 
1 29499U 06044A   21275.46885061  .00000020  00000-0  28111-4 0  9991
2 29499  98.4628 310.4156 0001057  65.8462  41.9949 14.21511800775947
NOAA 19                 
1 33591U 09005A   21275.30096120  .00000069  00000-0  62539-4 0  9997
2 33591  99.1789 298.6299 0013801 188.9584 171.1343 14.12498277652005
METOP-B                 
1 38771U 12049A   21275.46827546  .00000011  00000-0  25194-4 0  9998
2 38771  98.7040 334.1345 0002159  81.0478 111.5720 14.21494486469070
SARAL                   
1 39086U 13009A   21274.87141840  .00000027  00000-0  26358-4 0  9995
2 39086  98.5476  99.3372 0000687  35.8974 324.2255 14.32062182449477
METOP-C                 
1 43689U 18087A   21275.39663364  .00000035  00000-0  36004-4 0  9996
2 43689  98.7238 334.0197 0003931  74.8352 285.3260 14.21480333150642
ANGELS                  
1 44876U 19092D   21275.47003336  .00001017  00000-0  54996-4 0  9999
2 44876  97.4708  97.4206 0012579 167.8503 192.3036 15.16857189 99124
