BEIJING 1               
1 28890U 05043A   21275.48386122  .00000090  00000-0  27593-4 0  9999
2 28890  98.0889  38.1427 0014007 261.8900  98.0714 14.61349319849454
HJ-1A                   
1 33320U 08041A   21275.36973152  .00000125  00000-0  24284-4 0  9999
2 33320  97.7130 315.0771 0021110 354.9360   5.1636 14.77680052704270
HJ-1B                   
1 33321U 08041B   21275.41766788  .00000242  00000-0  40627-4 0  9990
2 33321  97.7331 318.1587 0035121  10.9190 349.2778 14.77428283704286
YAOGAN 4                
1 33446U 08061A   21275.44261230  .00000191  00000-0  34028-4 0  9996
2 33446  97.7844 218.9332 0014904 248.4380 111.5242 14.77148959691508
DEIMOS-1                
1 35681U 09041A   21275.49046392  .00000017  00000-0  10034-4 0  9991
2 35681  97.7429 134.3565 0001555  30.8688 329.2619 14.71916191653825
UK-DMC 2                
1 35683U 09041C   21275.46593165  .00000136  00000-0  29432-4 0  9999
2 35683  97.6868  97.7957 0001642  78.4974 281.6446 14.71233204653571
RISAT 1                 
1 38248U 12017A   21275.29127864  .00001131  00000-0  72201-4 0  9994
2 38248  97.5612 284.7368 0005674  73.1193 287.0659 15.10676337519855
DMC3-FM1                
1 40715U 15032A   21275.41257374  .00000050  00000-0  15184-4 0  9996
2 40715  97.8759 163.1840 0015979 144.0363 216.1922 14.73673645335166
DMC3-FM2                
1 40716U 15032B   21275.36778827  .00000065  00000-0  17443-4 0  9998
2 40716  97.8791 163.6640 0013129 151.1480 209.0449 14.73697260335164
DMC3-FM3                
1 40717U 15032C   21275.39053171  .00000054  00000-0  15767-4 0  9995
2 40717  97.8813 164.5069 0016873 145.7694 214.4590 14.73685434335167
