SAUDISAT 1C             
1 27607U 02058C   21274.62318396  .00000154  00000-0  42487-4 0  9990
2 27607  64.5573  13.6713 0053866 349.9006  10.1009 14.75795321 10178
SAUDISAT 2              
1 28371U 04025F   21275.45119724  .00000047  00000-0  21819-4 0  9998
2 28371  98.3369 227.2708 0025609 176.4124 183.7260 14.54447217915782
SAUDISAT 3              
1 31118U 07012B   21275.40259728  .00000069  00000-0  19770-4 0  9991
2 31118  97.9318 224.2413 0013962 300.9137  59.0696 14.69219996775263
PISAT                   
1 41784U 16059B   21275.36188206  .00000184  00000-0  44256-4 0  9994
2 41784  97.9559 323.2605 0030539 264.6630  95.1088 14.63665192267939
FLYING LAPTOP           
1 42831U 17042G   21275.31158736  .00000618  00000-0  67028-4 0  9995
2 42831  97.4543 139.3403 0014798 145.5447 214.6719 14.91356778229615
SALSAT                  
1 46495U 20068K   21274.94520482  .00000719  00000-0  57010-4 0  9998
2 46495  97.6987 211.8437 0019005  73.6187 286.7126 15.03573598 55333
