TDRS 3                  
1 19548U 88091B   21275.41928194 -.00000294  00000-0  00000+0 0  9993
2 19548  13.8954 353.3757 0035465 323.4751 156.2970  1.00281793108134
FLTSATCOM 8 (USA 46)    
1 20253U 89077A   21274.57831252 -.00000074  00000-0  00000-0 0  9994
2 20253  12.9315   2.0025 0005285 134.8482 153.7718  1.00272570243368
SKYNET 4C               
1 20776U 90079A   21275.08165847  .00000131  00000-0  00000+0 0  9997
2 20776  13.8763   2.0344 0003032 211.3138 220.8303  1.00273102113708
TDRS 5                  
1 21639U 91054B   21275.11800170  .00000091  00000-0  00000+0 0  9994
2 21639  14.2519   6.7053 0021560   2.4007 236.9054  1.00278593110470
TDRS 6                  
1 22314U 93003B   21275.41416841 -.00000289  00000-0  00000+0 0  9992
2 22314  14.1102   9.9119 0008129 117.7034 346.6876  1.00280741105149
UFO 2 (USA 95)          
1 22787U 93056A   21274.70615226  .00000131  00000-0  00000-0 0  9999
2 22787  11.4050  12.5568 0005799 192.2853  88.7317  1.00272756101305
USA 99 (MILSTAR-1 1)    
1 22988U 94009A   21275.39141728 -.00000188  00000-0  00000+0 0  9990
2 22988  14.9261  45.8590 0003291 142.2443 234.1661  1.00270938 14413
ASTRA 1D                
1 23331U 94070A   21275.40261205 -.00000265  00000-0  00000+0 0  9992
2 23331   9.7519  39.4197 0003641 154.7705 249.1343  1.00271227 98938
USA 107 (DSP 17)        
1 23435U 94084A   21274.47647970 -.00000158  00000-0  00000-0 0  9997
2 23435  14.5870   7.8623 0001906 148.1465 289.2291  1.00268516 15711
UFO 4 (USA 108)         
1 23467U 95003A   21274.68420885 -.00000018  00000-0  00000-0 0  9996
2 23467   9.8813  18.8386 0005118 128.7881 281.6753  1.00270152 97711
AMSC 1                  
1 23553U 95019A   21275.38124682 -.00000088  00000-0  00000+0 0  9999
2 23553  11.7067  27.9243 0003108 191.1044 182.0704  1.00272082 96932
TDRS 7                  
1 23613U 95035B   21274.80677711 -.00000194  00000-0  00000-0 0  9995
2 23613  14.0702   0.5988 0026298  50.0860 335.1693  1.00268703 96010
USA 113                 
1 23628U 95038A   21274.73663389 -.00000333  00000-0  00000-0 0  9997
2 23628  11.8520  26.7496 0001527 174.8056 178.0708  1.00271393 15722
USA 115 (MILSTAR-1 2)   
1 23712U 95060A   21275.05062587 -.00000013  00000-0  00000+0 0  9999
2 23712  13.4218  16.2138 0003025 171.6097  81.4011  1.00272059 14408
INMARSAT 3-F1           
1 23839U 96020A   21274.59900532  .00000122  00000-0  00000-0 0  9996
2 23839   7.0092  59.6916 0006846 109.0906 264.4380  0.99992035 93061
INMARSAT 3-F2           
1 24307U 96053A   21274.47340962 -.00000164  00000-0  00000-0 0  9992
2 24307   5.9339  68.8304 0005907  77.7267 123.9294  0.99978754 91720
AMC-1 (GE-1)            
1 24315U 96054A   21274.61806618  .00000066  00000-0  00000-0 0  9993
2 24315   5.0085  75.2387 0003054 119.2335 267.7187  1.00273141 29089
INMARSAT 3-F3           
1 24674U 96070A   21274.78198733 -.00000240  00000-0  00000-0 0  9994
2 24674   6.5807  63.4119 0005991 114.5670  85.5367  1.00001852 90711
INTELSAT 26 (IS-26)     
1 24732U 97007A   21274.94441900 -.00000014  00000-0  00000+0 0  9993
2 24732   9.7012  40.2106 0002746 135.9114 240.8932  1.00272558 90046
GALAXY 25 (G-25)        
1 24812U 97026A   21275.15662069  .00000094  00000-0  00000+0 0  9995
2 24812   3.0511  86.1601 0003758 124.7057 266.8841  1.00403714 89136
INTELSAT 5 (IS-5)       
1 24916U 97046A   21274.61279670  .00000091  00000-0  00000-0 0  9992
2 24916   6.6787  62.7515 0003078 141.9681 249.4479  1.00271644 88383
AMC-3 (GE-3)            
1 24936U 97050A   21274.77335272 -.00000260  00000-0  00000-0 0  9996
2 24936   3.9125  81.8076 0003053 124.1737  11.1643  1.00270662 35190
NSS-5                   
1 24957U 97053A   21275.08256045  .00000106  00000-0  00000+0 0  9994
2 24957   6.9176  61.0101 0003518 124.1457 266.0749  1.00272125 88008
USA 134                 
1 25019U 97065A   21275.49386854 -.00000056  00000-0  00000+0 0  9999
2 25019  10.7566  33.0738 0001242 323.0316  80.9641  1.00270363 14370
ASTRA 1G                
1 25071U 97076A   21275.15042819  .00000117  00000-0  00000+0 0  9999
2 25071   5.6555  70.1557 0003473 118.1268 256.3677  1.00270801 87305
INMARSAT 3-F5           
1 25153U 98006B   21274.77692868 -.00000287  00000-0  00000-0 0  9996
2 25153   5.8243  67.5152 0004687 126.1856  42.7135  1.00275800 86650
UFO 8 (USA 138)         
1 25258U 98016A   21274.68300517 -.00000021  00000-0  00000-0 0  9996
2 25258   9.1500  30.9031 0004315 157.1298 240.1294  1.00270711 86613
ASTRA 2A                
1 25462U 98050A   21275.22395309  .00000148  00000-0  00000+0 0  9993
2 25462   2.7587  88.2647 0002052  98.2370 293.2912  1.00268919 84504
JCSAT-4A                
1 25630U 99006A   21274.87529187 -.00000307  00000-0  00000-0 0  9994
2 25630   5.6409  70.7780 0010866 175.4075 215.7726  1.00273876 33371
SKYNET 4E               
1 25639U 99009B   21274.84638925 -.00000029  00000-0  00000-0 0  9995
2 25639  11.1180  18.3145 0003058 189.4814 106.4691  1.00270538 34147
ASIASAT 3S              
1 25657U 99013A   21274.81722345 -.00000220  00000-0  00000+0 0  9999
2 25657   5.8194  69.3184 0002722  95.3558 288.2209  1.00272768 82580
NIMIQ 1                 
1 25740U 99027A   21275.46210198 -.00000200  00000-0  00000+0 0  9995
2 25740   2.2306  89.6956 0004781 108.0403 253.5207  1.00270774 81979
ABS-7                   
1 25894U 99046A   21275.00974538  .00000154  00000-0  00000+0 0  9998
2 25894   2.1122  90.3263 0003889  97.0279 220.5326  1.00268596 79905
ABS-6                   
1 25924U 99053A   21274.81940390 -.00000122  00000-0  00000-0 0  9994
2 25924   0.0371  55.8310 0001586 136.6036 272.3309  1.00271660 80616
AMC-4 (GE-4)            
1 25954U 99060A   21275.50103008  .00000085  00000-0  00000+0 0  9995
2 25954   0.8698  94.5798 0003294 111.9249 210.4236  1.00272791 80257
UFO 10 (USA 146)        
1 25967U 99063A   21274.84534297 -.00000179  00000-0  00000-0 0  9992
2 25967   8.4015  34.2342 0004630 144.9419 113.7573  1.00270787 80100
GALAXY 11 (G-11)        
1 26038U 99071A   21274.62560519 -.00000164  00000-0  00000-0 0  9997
2 26038   2.3672  90.8267 0000871 312.3609  99.5339  1.00272013 79845
USA 148                 
1 26052U 00001A   21275.31180817  .00000044  00000-0  00000+0 0  9999
2 26052   9.1328  43.9044 0001284 141.9861 117.8801  1.00273912 14386
ASIASTAR                
1 26107U 00016A   21275.38277729 -.00000332  00000-0  00000+0 0  9993
2 26107   5.0764  73.9205 0004196 125.4355  54.8002  1.00269963 78911
USA 149 (DSP 20)        
1 26356U 00024A   21274.68330612  .00000105  00000-0  00000-0 0  9999
2 26356  11.8938  23.1927 0003693 216.7020 211.8796  1.00288005 15674
EUTELSAT 80A            
1 26369U 00028A   21275.26716253 -.00000109  00000-0  00000+0 0  9995
2 26369   4.3870  77.4127 0014700 162.3207 215.1890  1.00228273 78243
TDRS 8                  
1 26388U 00034A   21274.80553620 -.00000226  00000-0  00000-0 0  9990
2 26388   9.9607  44.3085 0016360 336.1989   9.3283  1.00265667 77933
INTELSAT 9 (IS-9)       
1 26451U 00043A   21275.43692260 -.00000285  00000-0  00000+0 0  9999
2 26451   6.6660  62.9241 0002837 143.6768 272.0928  1.00270445 77617
NSS-11 (AAP-1)          
1 26554U 00059A   21274.82280542  .00000023  00000-0  00000-0 0  9998
2 26554   0.0329  62.3284 0002715 152.6355 268.0317  1.00272672 24061
USA 153                 
1 26575U 00065A   21275.45238824 -.00000320  00000-0  00000+0 0  9994
2 26575   8.6666  47.2258 0001232 115.3979 146.0220  1.00275978 14379
AMC-6 (GE-6)            
1 26580U 00067A   21274.68822781  .00000102  00000-0  00000-0 0  9995
2 26580   0.0328  63.2093 0002695 128.9338 287.2704  1.00272723 76686
INTELSAT 12 (IS-12)     
1 26590U 00068A   21274.66305347  .00000012  00000-0  00000-0 0  9999
2 26590   4.0433  82.0066 0002441  91.5249 140.0493  1.00272414 34460
INTELSAT 1R (IS-1R)     
1 26608U 00072A   21274.81905503 -.00000138  00000-0  00000-0 0  9991
2 26608   3.8123  82.9874 0000785 225.3073 154.4348  1.00272042 24082
ANIK F1                 
1 26624U 00076A   21274.98131227 -.00000064  00000-0  00000+0 0  9992
2 26624   0.7821  95.8117 0007535  56.6200 102.5835  1.00271834 76485
ASTRA 2D                
1 26638U 00081A   21275.21529854  .00000124  00000-0  00000+0 0  9993
2 26638   6.7494  61.9667 0004749 170.0802 240.9099  1.00165443 76150
AMC-8 (GE-8)            
1 26639U 00081B   21275.50097334  .00000086  00000-0  00000+0 0  9996
2 26639   1.8002  91.2519 0002625 103.6067 221.9437  1.00272438 76046
USA 157 (MILSTAR-2 2)   
1 26715U 01009A   21274.52029684  .00000018  00000-0  00000+0 0  9991
2 26715   9.7667  28.3176 0002617 181.2217 223.9302  1.00273075 14408
EUTELSAT 133 WEST A     
1 26719U 01011A   21274.68944887  .00000077  00000-0  00000-0 0  9992
2 26719   3.0771  85.1060 0002778 110.0398 290.8599  1.00270417 75300
INTELSAT 10 (IS-10)     
1 26766U 01019A   21274.75137375  .00000036  00000-0  00000-0 0  9991
2 26766   4.9661  75.4701 0003214 138.3869 245.1585  1.00271135 28388
INTELSAT 901 (IS-901)   
1 26824U 01024A   21275.28465689 -.00000205  00000-0  00000+0 0  9991
2 26824   0.0158 140.5052 0000903  61.9226 243.8059  1.00271666 74352
ASTRA 2C                
1 26853U 01025A   21275.47130487 -.00000259  00000-0  00000+0 0  9999
2 26853   3.9403  81.5920 0002580 113.3990 273.6558  1.00270992 74345
USA 159 (DSP 21)        
1 26880U 01033A   21274.70610753 -.00000291  00000-0  00000-0 0  9999
2 26880  11.1925  27.3517 0001988 222.5725 325.8570  1.00276585 15720
INTELSAT 902 (IS-902)   
1 26900U 01039A   21275.28110326 -.00000284  00000-0  00000+0 0  9994
2 26900   1.7581  91.7610 0003069 103.5061 227.0714  1.00271383 73535
USA 164 (MILSTAR-2 3)   
1 27168U 02001A   21275.04563545  .00000105  00000-0  00000+0 0  9991
2 27168   9.2393  30.0262 0002250 181.7758 194.6038  1.00275487 14416
ECHOSTAR 7              
1 27378U 02006A   21274.62854810 -.00000003  00000-0  00000-0 0  9999
2 27378   0.0273  72.8809 0002184  71.4068 333.7721  1.00271573 33363
INTELSAT 904 (IS-904)   
1 27380U 02007A   21275.28430802 -.00000215  00000-0  00000+0 0  9991
2 27380   2.5915  88.5996 0002852 106.7186 248.7674  1.00270484 71850
TDRS 9                  
1 27389U 02011A   21275.47764417 -.00000283  00000-0  00000+0 0  9993
2 27389   8.4727  63.1306 0022577 286.2383 131.5477  1.00279031 73206
ASTRA 3A                
1 27400U 02015B   21275.48114196 -.00000201  00000-0  00000+0 0  9995
2 27400   6.8622  60.7796 0000996 138.6670 258.3837  1.00274781 71485
NSS-7                   
1 27414U 02019A   21275.28260699 -.00000156  00000-0  00000+0 0  9991
2 27414   5.2991  73.3323 0002164 122.8510 256.7823  1.00272294 71322
DIRECTV 5 (TEMPO 1)     
1 27426U 02023A   21274.63540433 -.00000058  00000-0  00000-0 0  9996
2 27426   0.4744  96.0509 0003388 104.0617 289.1145  1.00272279 70885
INTELSAT 905 (IS-905)   
1 27438U 02027A   21275.08730095 -.00000185  00000-0  00000+0 0  9998
2 27438   2.4126  89.3861 0002491 103.3481 185.2581  1.00271926 70737
GALAXY 3C (G-3C)        
1 27445U 02030A   21274.98410324 -.00000151  00000-0  00000+0 0  9991
2 27445   0.0296 279.2339 0001456  15.4194 335.5020  1.00252256 70712
EUTELSAT 5 WEST A       
1 27460U 02035A   21275.07549170 -.00000044  00000-0  00000+0 0  9997
2 27460   1.6797  92.1198 0005154 107.0895 193.9918  1.00272237 70513
METEOSAT-8 (MSG-1)      
1 27509U 02040B   21274.61714980  .00000139  00000-0  00000-0 0  9994
2 27509   7.5604  51.9417 0001406 180.0322  42.2252  1.00268922 70016
INTELSAT 906 (IS-906)   
1 27513U 02041A   21275.15941167  .00000013  00000-0  00000+0 0  9999
2 27513   1.4241  93.4392 0003274 103.0296 296.1769  1.00272183 69738
HISPASAT 30W-4          
1 27528U 02044A   21274.68744285  .00000116  00000-0  00000-0 0  9992
2 27528   2.1971  89.5507 0004376  97.2325 288.3466  1.00269901 25730
TDRS 10                 
1 27566U 02055A   21275.04070781  .00000093  00000-0  00000+0 0  9993
2 27566   7.7340  51.3281 0005396 334.6013 188.5624  1.00273929 68980
NSS-6                   
1 27603U 02057A   21275.39995926  .00000106  00000-0  00000+0 0  9997
2 27603   0.9590  94.5106 0003346 101.0747 150.2616  1.00274732 68803
NIMIQ 2                 
1 27632U 02062A   21274.65081123  .00000139  00000-0  00000-0 0  9995
2 27632   5.4055  72.4502 0001181  61.6024 144.0746  1.00012018 26941
USA 167                 
1 27691U 03008A   21274.61977896  .00000057  00000-0  00000-0 0  9997
2 27691   7.5365  56.1872 0002213  42.3650   5.0226  1.00274566 15710
USA 169 (MILSTAR-2 4)   
1 27711U 03012A   21274.87942295 -.00000190  00000-0  00000-0 0  9997
2 27711   9.7401  41.8500 0002794 157.2471 280.4854  1.00270856 15712
GALAXY 12 (G-12)        
1 27715U 03013B   21274.69023383  .00000057  00000-0  00000-0 0  9991
2 27715   2.6249  88.1542 0001842 113.0413 288.9448  1.00271518 34851
ASIASAT 4               
1 27718U 03014A   21275.20548616  .00000151  00000-0  00000+0 0  9998
2 27718   0.3205  97.8853 0002217  91.4038 294.0410  1.00269645 67684
HELLAS-SAT 2            
1 27811U 03020A   21275.50649101 -.00000152  00000-0  00000+0 0  9995
2 27811   3.0444  87.2804 0004358 100.6914 270.6388  1.00272809 67103
THURAYA-2               
1 27825U 03026A   21274.62278400  .00000130  00000-0  00000-0 0  9994
2 27825   6.4218  34.0194 0004561 125.1268 119.6305  1.00272235 67100
OPTUS C1                
1 27831U 03028B   21274.87798721 -.00000150  00000-0  00000+0 0  9995
2 27831   2.5532  89.2346 0005990 101.1978 292.2181  1.00272080 67088
GALAXY 23 (G-23)        
1 27854U 03034A   21274.62733359  .00000011  00000-0  00000-0 0  9992
2 27854   0.0391 254.8158 0002971 292.9727 287.6458  1.00271506 66500
USA 170                 
1 27875U 03040A   21275.30118758 -.00000270  00000-0  00000+0 0  9995
2 27875   6.8412  61.5673 0004527 125.0939 250.7186  1.00269383 14395
GALAXY 13 (HORIZONS 1)  
1 27954U 03044A   21275.50587536  .00000046  00000-0  00000+0 0  9993
2 27954   0.0195 139.0499 0003332  43.6050 243.9003  1.00268867 65929
YAMAL 202               
1 28089U 03053A   21274.82027608 -.00000080  00000-0  00000-0 0  9996
2 28089   1.9872  90.6824 0006018  68.7178 310.1840  1.00272978 65449
UFO 11 (USA 174)        
1 28117U 03057A   21275.01460830 -.00000090  00000-0  00000+0 0  9992
2 28117   6.6343  37.8624 0002425  85.3811 327.4108  1.00271930 65180
USA 176 (DSP 22)        
1 28158U 04004A   21274.83463767 -.00000215  00000-0  00000-0 0  9991
2 28158   9.7573  36.6598 0000804 175.2795 186.6238  1.00275993 15693
ABS-4 (MOBISAT-1)       
1 28184U 04007A   21274.79986703  .00000039  00000-0  00000-0 0  9991
2 28184   1.6723  91.9193 0005257  99.2403 168.5619  1.00269658 35092
EUTELSAT 7A             
1 28187U 04008A   21274.97529422  .00000103  00000-0  00000+0 0  9997
2 28187   1.4605  90.2414 0004178 107.0461  25.5542  1.00273855 64333
AMC-11 (GE-11)          
1 28252U 04017A   21274.68979774  .00000067  00000-0  00000-0 0  9997
2 28252   0.0360  51.7672 0002618 144.1390 292.0778  1.00271255 63644
INTELSAT 10-02          
1 28358U 04022A   21275.03521385 -.00000013  00000-0  00000+0 0  9992
2 28358   0.0120 132.2767 0001133  78.1569 172.2423  1.00271649 63384
ANIK F2                 
1 28378U 04027A   21274.63540387 -.00000052  00000-0  00000-0 0  9991
2 28378   0.0477  85.2238 0001454 128.7777 274.2659  1.00271017 24021
AMC-15                  
1 28446U 04041A   21274.63996266 -.00000091  00000-0  00000-0 0  9997
2 28446   0.0411  37.4050 0002589 158.3314 300.2122  1.00272105 62084
NSS-10 (AMC-12)         
1 28526U 05003A   21274.78024295 -.00000251  00000-0  00000-0 0  9993
2 28526   2.1441  89.9871 0002898 106.2906  57.9144  1.00271864 35917
XTAR-EUR                
1 28542U 05005A   21274.88935415  .00000149  00000-0  00000+0 0  9993
2 28542   0.0210 194.4864 0002386 355.0418 170.4673  1.00271350 60943
XM-3 (RHYTHM)           
1 28626U 05008A   21275.39487369 -.00000208  00000-0  00000+0 0  9993
2 28626   0.0089 221.9030 0000913 221.8301 344.6705  1.00269581 60838
INMARSAT 4-F1           
1 28628U 05009A   21275.38035688 -.00000260  00000-0  00000+0 0  9996
2 28628   3.4329  32.1888 0002847 167.3885  92.1881  1.00271400 60435
DIRECTV 8               
1 28659U 05019A   21275.50687222 -.00000002  00000-0  00000+0 0  9996
2 28659   0.0157 216.0919 0003019 341.7975 236.9972  1.00272199 59959
GALAXY 28 (G-28)        
1 28702U 05022A   21275.48023837 -.00000188  00000-0  00000+0 0  9997
2 28702   0.0201 194.8017 0000723 333.3554 287.1527  1.00270157 59595
EXPRESS-AM3             
1 28707U 05023A   21274.16229885  .00000134  00000-0  00000-0 0  9999
2 28707   2.9334  86.0926 0001204 110.2380 255.2645  1.00276661 59596
THAICOM 4               
1 28786U 05028A   21275.45752324 -.00000365  00000-0  00000+0 0  9999
2 28786   0.0242 185.8270 0002646  12.6793  97.0919  1.00268213 59099
GALAXY 14 (G-14)        
1 28790U 05030A   21275.22491248  .00000153  00000-0  00000+0 0  9991
2 28790   0.6107  94.4969 0002735 112.5021 278.0523  1.00272660 59063
ANIK F1R                
1 28868U 05036A   21274.63768170 -.00000076  00000-0  00000-0 0  9994
2 28868   0.0361  60.9443 0000560 140.8957 291.0069  1.00271944 29214
GALAXY 15 (G-15)        
1 28884U 05041A   21274.68944887  .00000077  00000-0  00000-0 0  9994
2 28884   0.0243 107.1639 0001848  84.7835 293.8981  1.00271544 58371
SYRACUSE 3A             
1 28885U 05041B   21274.80575567  .00000127  00000-0  00000-0 0  9990
2 28885   0.4734  96.4015 0002736  86.7092 164.7279  1.00269566 58505
INMARSAT 4-F2           
1 28899U 05044A   21275.44644654  .00000011  00000-0  00000+0 0  9994
2 28899   3.3119  34.7895 0002839 169.3003  31.9268  1.00271608 58260
SPACEWAY 2              
1 28903U 05046B   21274.76000834  .00000102  00000-0  00000-0 0  9994
2 28903   1.2981  90.2970 0000486 125.1195 290.0068  1.00272178 34105
METEOSAT-9 (MSG-2)      
1 28912U 05049B   21274.71657372  .00000018  00000-0  00000-0 0  9993
2 28912   5.4384  67.8281 0000624  39.1034 165.0226  1.00273816 57790
EUTELSAT 174A           
1 28924U 05052A   21275.44887324  .00000007  00000-0  00000+0 0  9990
2 28924   0.0130 346.9611 0006488 207.9224 152.1139  1.00271288 57758
ECHOSTAR 10             
1 28935U 06003A   21274.63540419 -.00000058  00000-0  00000-0 0  9998
2 28935   0.0230  83.5897 0001532 132.5047 273.0547  1.00272787 57236
SPAINSAT                
1 28945U 06007A   21274.05548608 -.00000218  00000-0  00000-0 0  9995
2 28945   0.0333 236.8071 0005627 328.3684 154.8207  1.00270605 56964
EUTELSAT HOTBIRD 13E    
1 28946U 06007B   21275.34285685  .00000085  00000-0  00000+0 0  9992
2 28946   0.0495 149.4559 0006997  45.1082 313.1549  1.00273291 57066
JCSAT-5A                
1 29045U 06010A   21274.81408359 -.00000330  00000-0  00000-0 0  9998
2 29045   0.0095 207.3620 0001944 357.7915 230.7459  1.00270365 56512
ASTRA 1KR               
1 29055U 06012A   21275.28938133  .00000117  00000-0  00000+0 0  9992
2 29055   0.0165 235.8603 0005170 339.1058 279.6542  1.00273287 56516
EWS-G1 (GOES 13)        
1 29155U 06018A   21275.44601045  .00000033  00000-0  00000+0 0  9993
2 29155   0.1405 116.4185 0006962  96.7020  20.6118  1.00269267 56278
EUTELSAT 113 WEST A     
1 29162U 06020A   21275.44555779 -.00000040  00000-0  00000+0 0  9995
2 29162   0.0311  81.8023 0003024 105.3841 231.6049  1.00271441 56231
GALAXY 16 (G-16)        
1 29236U 06023A   21275.50355201 -.00000130  00000-0  00000+0 0  9995
2 29236   0.0189 188.3407 0002689   9.1844 256.2067  1.00271424 56037
EUTELSAT HOTBIRD 13B    
1 29270U 06032A   21274.79027303  .00000085  00000-0  00000-0 0  9991
2 29270   0.0721   9.8368 0001561 231.0712  67.3204  1.00272893 30068
JCSAT-3A                
1 29272U 06033A   21274.81321141 -.00000348  00000-0  00000-0 0  9997
2 29272   0.0229 247.6495 0002283 305.4274 238.4494  1.00269624 30494
SYRACUSE 3B             
1 29273U 06033B   21275.07549170 -.00000046  00000-0  00000+0 0  9995
2 29273   0.0138 136.6534 0004406  49.0669 207.2850  1.00271844 55510
KOREASAT 5 (MUGUNGWHA 5)
1 29349U 06034A   21275.02561907 -.00000361  00000-0  00000+0 0  9997
2 29349   0.0140 218.6457 0001962 352.8535 281.7474  1.00272813 55395
DIRECTV 9S              
1 29494U 06043A   21274.64330468 -.00000115  00000-0  00000-0 0  9999
2 29494   0.0249 229.7721 0002935 323.0938 308.1294  1.00270808 34147
OPTUS D1                
1 29495U 06043B   21274.81966556 -.00000113  00000-0  00000-0 0  9990
2 29495   0.0283  94.9727 0003445  98.1134 272.7728  1.00271820 54885
XM-4 (BLUES)            
1 29520U 06049A   21275.49254493 -.00000024  00000-0  00000+0 0  9990
2 29520   0.0456 287.0096 0000645  46.5533  99.9669  1.00260872 54764
BADR-4                  
1 29526U 06051A   21275.01854832  .00000142  00000-0  00000+0 0  9990
2 29526   0.0611 324.2643 0004633 275.6602 163.7382  1.00269716 54654
WILDBLUE-1              
1 29643U 06054A   21274.63540453 -.00000051  00000-0  00000-0 0  9992
2 29643   0.0186 183.9305 0001612  10.4161 293.8169  1.00271704 36552
AMC-18                  
1 29644U 06054B   21274.55583066 -.00000218  00000-0  00000-0 0  9996
2 29644   0.0229  95.7621 0002522 103.5134 288.3513  1.00272628 54319
INSAT-4B                
1 30793U 07007A   21275.35466410 -.00000191  00000-0  00000+0 0  9993
2 30793   1.5806  92.4801 0005917 136.5458 355.4808  1.00273381 53323
SKYNET 5A               
1 30794U 07007B   21275.35466410 -.00000273  00000-0  00000+0 0  9995
2 30794   1.6997  89.6778 0003571 105.8172  38.6938  1.00273718 53411
ANIK F3                 
1 31102U 07009A   21275.50687127 -.00000004  00000-0  00000+0 0  9990
2 31102   0.0033  97.8278 0001534  99.4126 237.9767  1.00271125 53109
ASTRA 1L                
1 31306U 07016A   21275.34285685  .00000117  00000-0  00000+0 0  9993
2 31306   0.0468 341.1921 0003356 260.9839 271.7304  1.00272865 52808
GALAXY 17 (G-17)        
1 31307U 07016B   21275.50928152 -.00000177  00000-0  00000+0 0  9992
2 31307   0.0187 230.7845 0003151 329.5012 263.5250  1.00272176 52841
ZHONGXING-6B            
1 31800U 07031A   21274.87499179 -.00000364  00000-0  00000-0 0  9997
2 31800   0.0145 197.5707 0003286 353.2164 250.5579  1.00270926 52189
DIRECTV 10              
1 31862U 07032A   21275.50069517 -.00000106  00000-0  00000+0 0  9999
2 31862   0.0066 298.8412 0000106 241.6325 268.4405  1.00271379 52172
SPACEWAY 3              
1 32018U 07036A   21275.50643282 -.00000154  00000-0  00000+0 0  9997
2 32018   0.0092   4.4168 0000288 351.6775 102.7199  1.00265831 51890
BSAT-3A                 
1 32019U 07036B   21275.02492133 -.00000353  00000-0  00000+0 0  9993
2 32019   0.0296 204.0749 0004030  12.5389 273.1829  1.00273662 51820
OPTUS D2                
1 32252U 07044A   21274.74622788 -.00000186  00000-0  00000-0 0  9995
2 32252   0.0263 276.0094 0003771 278.4240 236.9191  1.00271185 51327
INTELSAT 11 (IS-11)     
1 32253U 07044B   21274.99910597 -.00000271  00000-0  00000+0 0  9995
2 32253   0.0245 181.5988 0001662  15.8486 130.1959  1.00269455 51292
WGS F1 (USA 195)        
1 32258U 07046A   21275.31785506  .00000038  00000-0  00000+0 0  9999
2 32258   0.0144 136.5981 0000762  89.1317 265.9558  1.00268194 51083
STAR ONE C1             
1 32293U 07056A   21275.47559469 -.00000279  00000-0  00000+0 0  9991
2 32293   0.3171  95.9818 0003188 114.3571 267.3022  1.00270185 50871
SKYNET 5B               
1 32294U 07056B   21275.01854832  .00000140  00000-0  00000+0 0  9990
2 32294   0.8785  90.1891 0003685  95.8553 216.7248  1.00269060 50958
ASTRA 4A (SIRIUS 4)     
1 32299U 07057A   21274.78870311  .00000030  00000-0  00000-0 0  9998
2 32299   0.0371  66.9387 0002591 127.4346 105.1209  1.00273086 34430
HORIZONS 2              
1 32388U 07063B   21275.01994990 -.00000184  00000-0  00000+0 0  9991
2 32388   0.0179 188.3653 0002415  18.9915 255.6362  1.00268620 50641
THURAYA-3               
1 32404U 08001A   21274.66380672 -.00000302  00000-0  00000-0 0  9992
2 32404   3.8937  18.5771 0003170 127.0064 202.5248  1.00272271 50241
EXPRESS-AM33            
1 32478U 08003A   21275.07549170 -.00000090  00000-0  00000+0 0  9994
2 32478   0.4071  95.8278 0000126 197.6229  93.8253  1.00272827 50376
THOR 5                  
1 32487U 08006A   21274.78756927 -.00000011  00000-0  00000-0 0  9998
2 32487   0.0387 256.9301 0002534 308.2958  88.3001  1.00272419 50066
AMC-14                  
1 32708U 08011A   21275.04563545  .00000090  00000-0  00000+0 0  9997
2 32708  21.6861  41.4028 0034701   6.8651 357.1445  1.00272270 50865
DIRECTV 11              
1 32729U 08013A   21275.50355215 -.00000127  00000-0  00000+0 0  9998
2 32729   0.0224   9.4984 0000472 353.1921  90.8597  1.00262740 49704
ICO G1                  
1 32763U 08016A   21274.62569241 -.00000171  00000-0  00000-0 0  9997
2 32763   3.8269  21.8830 0002431 153.2639 327.8430  1.00271585 49304
VINASAT-1               
1 32767U 08018A   21274.81399637 -.00000331  00000-0  00000-0 0  9992
2 32767   0.0193 280.5991 0001878 290.5894 224.5765  1.00273381 49352
STAR ONE C2             
1 32768U 08018B   21275.33632181 -.00000268  00000-0  00000+0 0  9993
2 32768   0.0421 121.2660 0002824  46.3721 254.7396  1.00271558 49314
TIANLIAN 1-01           
1 32779U 08019A   21275.50465993 -.00000138  00000-0  00000+0 0  9996
2 32779   5.1573  70.1909 0027202 269.5626 293.4070  1.00271556 49236
AMOS-3                  
1 32794U 08022A   21275.07549170 -.00000037  00000-0  00000+0 0  9997
2 32794   0.0200 130.6121 0002676  42.8789 220.6076  1.00273204 49210
GALAXY 18 (G-18)        
1 32951U 08024A   21274.62512814  .00000023  00000-0  00000-0 0  9994
2 32951   0.0124 239.6245 0002919 309.7036 283.2961  1.00272558 28617
CHINASAT 9 (ZX 9)       
1 33051U 08028A   21275.45211573 -.00000251  00000-0  00000+0 0  9993
2 33051   0.0199 237.8164 0003755 313.3329  75.2569  1.00272784 48779
SKYNET 5C               
1 33055U 08030A   21275.08678014 -.00000142  00000-0  00000+0 0  9995
2 33055   0.0678 350.2326 0003512 201.0940 193.1619  1.00270970 48667
TURKSAT 3A              
1 33056U 08030B   21275.22656962  .00000143  00000-0  00000+0 0  9990
2 33056   0.0657  87.2853 0004118  83.1755 324.2836  1.00273235 48848
INTELSAT 25 (IS-25)     
1 33153U 08034A   21274.78146400 -.00000226  00000-0  00000-0 0  9997
2 33153   0.0189 227.3437 0002791 321.3302  71.8951  1.00272916 48456
BADR-6                  
1 33154U 08034B   21275.40049476  .00000142  00000-0  00000+0 0  9998
2 33154   0.0752  56.4688 0002577 143.2923 341.7706  1.00273259 48519
ECHOSTAR 11             
1 33207U 08035A   21274.63647285 -.00000059  00000-0  00000-0 0  9993
2 33207   0.0263  83.8008 0002590 105.4902 300.4413  1.00271899 33998
SUPERBIRD-C2            
1 33274U 08038A   21275.44632418 -.00000253  00000-0  00000+0 0  9997
2 33274   0.0183 235.5746 0001793 328.7934 111.6637  1.00273100 48147
AMC-21                  
1 33275U 08038B   21274.69075715  .00000034  00000-0  00000-0 0  9992
2 33275   0.0330  66.1010 0002562 135.0672 293.2636  1.00272253 48253
INMARSAT 4-F3           
1 33278U 08039A   21274.98349272 -.00000140  00000-0  00000+0 0  9998
2 33278   3.2341  17.0865 0002920 178.0750  71.8246  1.00271964 48028
NIMIQ 4                 
1 33373U 08044A   21275.06438333 -.00000223  00000-0  00000+0 0  9999
2 33373   0.0158 143.7511 0001999  51.0648 117.3941  1.00271619 47597
GALAXY 19 (G-19)        
1 33376U 08045A   21275.50547174 -.00000142  00000-0  00000+0 0  9996
2 33376   0.0159 156.8752 0002937  35.5901 263.9726  1.00271852 47605
ASTRA 1M                
1 33436U 08057A   21275.00686716  .00000117  00000-0  00000+0 0  9998
2 33436   0.0211 132.0848 0004737  36.7979 223.7395  1.00273155 47245
CIEL-2                  
1 33453U 08063A   21274.69023383  .00000056  00000-0  00000-0 0  9996
2 33453   0.0131 166.9721 0003144  42.3384 280.9817  1.00271908 46905
EUTELSAT HOTBIRD 13C    
1 33459U 08065A   21274.79036025  .00000085  00000-0  00000-0 0  9994
2 33459   0.0548  33.8005 0004041 137.4310 137.0446  1.00273530 30100
EUTELSAT 48D            
1 33460U 08065B   21274.84149414 -.00000102  00000-0  00000-0 0  9990
2 33460   0.8085  95.7885 0003276  98.2878 107.1504  1.00271920 46719
FENGYUN 2E              
1 33463U 08066A   21275.02029877 -.00000200  00000-0  00000+0 0  9993
2 33463   5.3381  66.6758 0002713 334.5652  63.5869  1.00269495 46856
EXPRESS-AM44            
1 33595U 09007A   21275.45049318 -.00000091  00000-0  00000+0 0  9992
2 33595   0.0296 306.6849 0000288 316.6939 259.2006  1.00272158 46320
NSS-9                   
1 33749U 09008A   21275.45690164  .00000069  00000-0  00000+0 0  9999
2 33749   0.0403  64.6611 0002013 135.0110 159.2926  1.00270930 46338
EUTELSAT 33E            
1 33750U 09008B   21275.39493780  .00000153  00000-0  00000+0 0  9993
2 33750   0.0586  20.1865 0003910 164.6711   1.7621  1.00270334 46366
TELSTAR 11N             
1 34111U 09009A   21275.42621192 -.00000253  00000-0  00000+0 0  9992
2 34111   0.0014 134.4210 0002285  44.4258 308.3987  1.00271253 46184
EUTELSAT 10A            
1 34710U 09016A   21275.34285685  .00000065  00000-0  00000+0 0  9999
2 34710   0.0670   5.4339 0005388 181.1716 318.1155  1.00270256 45739
WGS F2 (USA 204)        
1 34713U 09017A   21275.28799375  .00000065  00000-0  00000+0 0  9992
2 34713   0.0163 124.1388 0000707 164.5196 243.7917  1.00271359 45700
SES-7 (PROTOSTAR 2)     
1 34941U 09027A   21274.76286236 -.00000348  00000-0  00000-0 0  9991
2 34941   0.0696  91.5834 0001871 143.1153 158.9032  1.00272723 45370
MEASAT-3A               
1 35362U 09032A   21275.45194127 -.00000245  00000-0  00000+0 0  9994
2 35362   0.0299 204.9975 0003120   4.9150  55.7061  1.00271540 44992
GOES 14                 
1 35491U 09033A   21275.49975792 -.00000097  00000-0  00000+0 0  9992
2 35491   0.3516 281.0337 0015611 293.0834 233.0251  1.00271869 44925
FM-5                    
1 35493U 09034A   21275.46293789 -.00000203  00000-0  00000+0 0  9990
2 35493   0.0367 306.0060 0000988  76.9290  68.9998  1.00270788 44746
TERRESTAR-1             
1 35496U 09035A   21275.49531137 -.00000057  00000-0  00000+0 0  9996
2 35496   2.8804  32.3891 0002707 159.1098 247.2530  1.00271987 44923
ASIASAT 5               
1 35696U 09042A   21274.73602334 -.00000310  00000-0  00000-0 0  9993
2 35696   0.0452 267.7151 0001588 278.1798 190.2809  1.00271606 44443
JCSAT-RA (JCSAT-12)     
1 35755U 09044A   21274.89153330 -.00000135  00000-0  00000+0 0  9999
2 35755   0.0294 228.4268 0001683 237.6751  26.3487  1.00137734 44423
OPTUS D3                
1 35756U 09044B   21274.89057389 -.00000150  00000-0  00000+0 0  9994
2 35756   0.0210  65.1082 0002345 134.6312 287.6961  1.00268997 44398
NIMIQ 5                 
1 35873U 09050A   21274.77326552 -.00000259  00000-0  00000-0 0  9990
2 35873   0.0163 126.1042 0003095  74.3076  16.0054  1.00273061 44114
AMAZONAS 2              
1 35942U 09054A   21275.50144089 -.00000285  00000-0  00000+0 0  9994
2 35942   0.0339 135.3620 0004961  43.6027 312.0088  1.00274436 43941
COMSATBW-1              
1 35943U 09054B   21275.44627211  .00000021  00000-0  00000+0 0  9998
2 35943   0.0621  92.9124 0002885  97.2706  44.9011  1.00273487 44027
NSS-12                  
1 36032U 09058A   21274.80603009  .00000069  00000-0  00000-0 0  9993
2 36032   0.0259  83.1844 0002813 116.1946 158.5585  1.00271922 43673
THOR 6                  
1 36033U 09058B   21275.34354833 -.00000012  00000-0  00000+0 0  9990
2 36033   0.0160 143.3627 0001713  53.5175 297.2553  1.00272035 43738
INTELSAT 14 (IS-14)     
1 36097U 09064A   21274.77876024 -.00000276  00000-0  00000-0 0  9997
2 36097   0.0131 239.1779 0002473 319.8728  47.0520  1.00273034 43379
EUTELSAT 36B            
1 36101U 09065A   21274.77110125  .00000153  00000-0  00000-0 0  9990
2 36101   0.0675   2.1451 0004741 186.4805 135.6143  1.00269428 43475
INTELSAT 15 (IS-15)     
1 36106U 09067A   21274.80188309 -.00000188  00000-0  00000-0 0  9999
2 36106   0.0181 165.5249 0002194  22.6161 196.4434  1.00269293 23989
WGS F3 (USA 211)        
1 36108U 09068A   21275.50911274  .00000016  00000-0  00000+0 0  9993
2 36108   0.0398 101.8098 0003091 190.6484 140.4282  1.00270001 43281
DIRECTV 12              
1 36131U 09075A   21275.50069532 -.00000106  00000-0  00000+0 0  9999
2 36131   0.0148 189.9067 0000030 339.6939 279.3616  1.00269452 43150
BEIDOU 3                
1 36287U 10001A   21275.21139436 -.00000281  00000-0  00000+0 0  9995
2 36287   1.6607  40.8975 0002617  80.9361 105.8501  1.00275264 42928
RADUGA-1M 2             
1 36358U 10002A   21275.35466410 -.00000187  00000-0  00000+0 0  9990
2 36358   0.0852 258.8970 0002833 324.6235   0.4686  1.00274294 42775
SDO                     
1 36395U 10005A   21274.53957020 -.00000054  00000-0  00000+0 0  9998
2 36395  31.1561 113.4524 0000143 295.5342  54.0526  1.00274617 42784
INTELSAT 16 (IS-16)     
1 36397U 10006A   21274.98785362 -.00000247  00000-0  00000+0 0  9992
2 36397   0.0208 168.4832 0001974  24.1678  97.7123  1.00269183 42477
GOES 15                 
1 36411U 10008A   21275.50506532  .00000050  00000-0  00000+0 0  9991
2 36411   0.3812 275.7196 0000842 238.2854 271.5392  1.00261576 42434
ECHOSTAR 14             
1 36499U 10010A   21275.50686816 -.00000002  00000-0  00000+0 0  9992
2 36499   0.0137 226.4785 0002719 322.2093 246.3531  1.00269367 42305
SES-1                   
1 36516U 10016A   21274.64330459 -.00000117  00000-0  00000-0 0  9999
2 36516   0.0258 283.9169 0002431 273.7821 303.4939  1.00271894 41802
ASTRA 3B                
1 36581U 10021A   21275.08645947  .00000134  00000-0  00000+0 0  9994
2 36581   0.0681  64.5241 0003694 119.6624 241.4926  1.00268774 41416
COMSATBW-2              
1 36582U 10021B   21275.34285685  .00000085  00000-0  00000+0 0  9998
2 36582   0.0162 119.0872 0002386  91.0415 297.8317  1.00268691 41759
BADR-5                  
1 36592U 10025A   21274.77101646  .00000142  00000-0  00000-0 0  9998
2 36592   0.0327 127.9831 0005290  54.5535 131.7481  1.00272000 35974
COMS 1                  
1 36744U 10032A   21274.81329862 -.00000346  00000-0  00000-0 0  9999
2 36744   0.4799  96.0434 0000766  95.7385 239.9506  1.00272799 33846
ARABSAT-5A              
1 36745U 10032B   21274.79384899  .00000151  00000-0  00000-0 0  9991
2 36745   0.0562  18.3818 0004893 175.9360 132.7177  1.00269201 41402
ECHOSTAR 15             
1 36792U 10034A   21274.99073182 -.00000284  00000-0  00000+0 0  9994
2 36792   0.0256  88.3926 0001813  92.6424 124.9411  1.00271117 41151
BEIDOU 5                
1 36828U 10036A   21274.86264407 -.00000151  00000-0  00000-0 0  9998
2 36828  54.1819 178.6120 0023217 181.1518  68.8685  1.00272753 40981
NILESAT 201             
1 36830U 10037A   21275.36299442 -.00000060  00000-0  00000+0 0  9993
2 36830   0.0411 165.0842 0004497   7.5223 322.3689  1.00272523 41052
RASCOM-QAF 1R           
1 36831U 10037B   21275.34337473  .00000016  00000-0  00000+0 0  9999
2 36831   0.0114 207.8466 0005651   0.9026 289.0513  1.00270734 41058
AEHF-1 (USA 214)        
1 36868U 10039A   21274.78852868  .00000027  00000-0  00000-0 0  9991
2 36868   3.8833  90.2568 0005145  47.8098 160.5886  1.00275589 36414
CHINASAT 6A (ZX 6A)     
1 37150U 10042A   21274.88446862 -.00000356  00000-0  00000-0 0  9990
2 37150   0.0208 232.8537 0001587 277.0386 304.4424  1.00272575 40668
QZS-1 (MICHIBIKI-1)     
1 37158U 10045A   21274.49285306 -.00000125  00000-0  00000+0 0  9995
2 37158  42.0634 136.9848 0747063 270.2228 280.6422  1.00295300 40473
XM-5                    
1 37185U 10053A   21275.39487318 -.00000208  00000-0  00000+0 0  9993
2 37185   0.0173 220.0928 0000507  34.0753 174.2423  1.00272438 40211
BSAT-3B                 
1 37207U 10056B   21274.93234267 -.00000353  00000-0  00000-0 0  9995
2 37207   0.0531 350.2721 0002656 275.1675 190.9498  1.00273420 34907
BEIDOU 6                
1 37210U 10057A   21275.43938490 -.00000114  00000-0  00000+0 0  9999
2 37210   0.7298  37.0296 0004428 144.3203 148.1180  1.00273782 40044
SKYTERRA 1              
1 37218U 10061A   21274.98288220 -.00000118  00000-0  00000+0 0  9994
2 37218   2.2130  21.8955 0003771 168.0481  73.4979  1.00272112 39981
ZHONGXING-20A           
1 37234U 10064A   21274.88473028 -.00000351  00000-0  00000-0 0  9996
2 37234   2.0010  91.4759 0002401 114.5416 249.7757  1.00270737 39794
HYLAS 1                 
1 37237U 10065A   21274.75721737  .00000121  00000-0  00000-0 0  9993
2 37237   1.2655  92.8245 0002406 176.7363 220.9315  1.00593237 39743
INTELSAT 17 (IS-17)     
1 37238U 10065B   21275.44688264 -.00000004  00000-0  00000+0 0  9998
2 37238   0.0209 163.9537 0003179  44.8032  29.5037  1.00270716 39687
BEIDOU 7                
1 37256U 10068A   21275.46438175 -.00000157  00000-0  00000+0 0  9996
2 37256  50.6717 292.7275 0018213 189.0560 165.7579  1.00275482 39550
EUTELSAT KA-SAT 9A      
1 37258U 10069A   21275.31750786  .00000059  00000-0  00000+0 0  9998
2 37258   0.0736 264.6392 0004198 248.0422 341.9054  1.00272243 39581
HISPASAT 30W-5          
1 37264U 10070A   21275.28413358 -.00000219  00000-0  00000+0 0  9993
2 37264   0.0476 112.6085 0005350  64.0268 266.8921  1.00271568 39436
KOREASAT 6              
1 37265U 10070B   21274.95436187 -.00000364  00000-0  00000+0 0  9993
2 37265   0.0305  84.4231 0001792 135.7079 250.3643  1.00272728 39448
BEIDOU 8                
1 37384U 11013A   21275.52849241 -.00000145  00000-0  00000+0 0  9993
2 37384  59.9248  56.8273 0018832 180.1303  71.0562  1.00277588 38430
INTELSAT NEW DAWN       
1 37392U 11016A   21275.08104887  .00000153  00000-0  00000+0 0  9994
2 37392   0.0149 172.8468 0001327  14.8747 245.3055  1.00273111 38281
YAHSAT 1A               
1 37393U 11016B   21275.28799375  .00000098  00000-0  00000+0 0  9997
2 37393   0.0121 241.5534 0000586 346.4218 299.4539  1.00271415 38320
SBIRS GEO-1 (USA 230)   
1 37481U 11019A   21274.87778251 -.00000009  00000-0  00000+0 0  9995
2 37481   1.8065   8.6053 0002330 176.3514 208.0788  1.00272488 38109
TELSTAR 14R             
1 37602U 11021A   21274.77518431 -.00000282  00000-0  00000-0 0  9998
2 37602   0.0387  73.7980 0000285 152.2911   0.7250  1.00272076 38581
GSAT-8                  
1 37605U 11022A   21274.79873319  .00000082  00000-0  00000-0 0  9990
2 37605   0.0256 111.3612 0005884 142.5996  99.4157  1.00272305 35971
ST-2                    
1 37606U 11022B   21275.07225203 -.00000214  00000-0  00000+0 0  9993
2 37606   0.0123 144.2670 0002380  79.0808 261.7030  1.00271282 38013
CHINASAT 10 (ZX 10)     
1 37677U 11026A   21275.02509576 -.00000355  00000-0  00000+0 0  9994
2 37677   0.0429 235.7081 0004872 306.9359 307.9039  1.00271603 37729
TIANLIAN 1-02           
1 37737U 11032A   21274.82175878 -.00000017  00000-0  00000-0 0  9995
2 37737   2.5544  74.8617 0020430 105.0350 297.7377  1.00270559 37488
GSAT-12                 
1 37746U 11034A   21275.01262358  .00000123  00000-0  00000+0 0  9995
2 37746   0.7265  95.4867 0008513  11.0098 316.9738  1.00269546 37712
SES-3                   
1 37748U 11035A   21275.50069545 -.00000105  00000-0  00000+0 0  9996
2 37748   0.0424  43.5925 0002975 158.1936 246.9133  1.00272499 37467
KAZSAT-2                
1 37749U 11035B   21275.02029877 -.00000200  00000-0  00000+0 0  9994
2 37749   0.0490 295.8104 0001625 302.5524 226.4240  1.00270872 37332
BEIDOU 9                
1 37763U 11038A   21275.26028280 -.00000105  00000-0  00000+0 0  9990
2 37763  54.4701 181.0688 0086590 226.8426 150.9106  1.00287956 37414
ASTRA 1N                
1 37775U 11041A   21274.79158132  .00000117  00000-0  00000-0 0  9997
2 37775   0.0226  49.6305 0001371  97.7124 167.5484  1.00271420 27281
BSAT-3C (JCSAT-110R)    
1 37776U 11041B   21275.02500855 -.00000353  00000-0  00000+0 0  9990
2 37776   0.0422  45.8109 0000146 254.5859 189.5369  1.00269462 37287
PAKSAT-1R               
1 37779U 11042A   21274.80551175  .00000151  00000-0  00000-0 0  9996
2 37779   0.0410   4.6647 0000277 280.3745  53.7052  1.00271246 37232
CHINASAT 1A (ZX 1A)     
1 37804U 11047A   21275.45961647 -.00000340  00000-0  00000+0 0  9991
2 37804   0.0476 319.4430 0001851 332.9678  14.3157  1.00272794 36831
SES-2                   
1 37809U 11049A   21275.46210118 -.00000199  00000-0  00000+0 0  9991
2 37809   0.0308  84.9399 0002723 108.0660 257.7655  1.00273396 36767
ARABSAT-5C              
1 37810U 11049B   21274.77400824  .00000121  00000-0  00000-0 0  9996
2 37810   0.0571  12.9350 0006937 176.1531 120.2759  1.00273319 36813
EUTELSAT 7 WEST A       
1 37816U 11051A   21274.78626101 -.00000062  00000-0  00000-0 0  9999
2 37816   0.0969  54.9260 0005522 139.4134  92.1574  1.00272723 36658
QUETZSAT 1              
1 37826U 11054A   21275.46805346 -.00000245  00000-0  00000+0 0  9991
2 37826   0.0343  59.2835 0002795 138.9968 264.6440  1.00272777 36869
INTELSAT 18 (IS-18)     
1 37834U 11056A   21275.45463182  .00000050  00000-0  00000+0 0  9992
2 37834   0.0410  26.8949 0001816 166.7310 161.4476  1.00271087 36600
EUTELSAT 16A            
1 37836U 11057A   21275.34285685  .00000101  00000-0  00000+0 0  9990
2 37836   0.0693  15.4372 0004928 178.4632 316.8124  1.00272851 36553
VIASAT-1                
1 37843U 11059A   21275.44474220 -.00000026  00000-0  00000+0 0  9993
2 37843   0.0190 216.7874 0001887 340.1578 219.4565  1.00270405 37049
ASIASAT 7               
1 37933U 11069A   21275.53869069 -.00000337  00000-0  00000+0 0  9998
2 37933   0.0405  42.8316 0001514 114.2139 153.8879  1.00271591 36222
BEIDOU 10               
1 37948U 11073A   21275.02195591 -.00000109  00000-0  00000+0 0  9992
2 37948  50.7785 292.3611 0079030 217.4363 325.1611  1.00269097 36163
LUCH 5A                 
1 37951U 11074B   21274.89275435 -.00000047  00000-0  00000-0 0  9999
2 37951   4.3706 102.9672 0003220  52.4723 343.7544  1.00270596 35956
NIGCOMSAT 1R            
1 38014U 11077A   21275.22683128  .00000142  00000-0  00000+0 0  9997
2 38014   0.0418 321.6601 0001251 156.0807  17.5927  1.00273665 35791
FENGYUN 2F              
1 38049U 12002A   21274.88185207 -.00000358  00000-0  00000-0 0  9991
2 38049   3.1630  81.4849 0002134  12.3340 346.4311  1.00282555 35644
WGS F4 (USA 233)        
1 38070U 12003A   21274.83463767 -.00000218  00000-0  00000-0 0  9996
2 38070   0.0077 185.3979 0000340  71.8535 142.4326  1.00271725 26906
SES-4                   
1 38087U 12007A   21275.08730095 -.00000171  00000-0  00000+0 0  9994
2 38087   0.0205 265.4830 0002400 291.7918 183.1937  1.00271840 35256
BEIDOU 11               
1 38091U 12008A   21274.97841279  .00000056  00000-0  00000-0 0  9996
2 38091   1.7788  70.0297 0003072 328.6984  23.1185  1.00271637 35231
MUOS-1                  
1 38093U 12009A   21274.64465707 -.00000127  00000-0  00000-0 0  9991
2 38093   2.6904  24.2725 0050695 359.9620 118.4226  1.00270207 35200
INTELSAT 22 (IS-22)     
1 38098U 12011A   21274.73452167 -.00000062  00000-0  00000-0 0  9993
2 38098   0.0146 227.2589 0003045 329.3650 150.5957  1.00271719 34575
APSTAR 7                
1 38107U 12013A   21274.81299479 -.00000105  00000-0  00000-0 0  9998
2 38107   0.0156 130.8537 0002425  73.0527 176.0529  1.00272028 34567
YAHSAT 1B               
1 38245U 12016A   21274.79725049  .00000123  00000-0  00000-0 0  9997
2 38245   0.0012 190.5334 0000759  29.0599 125.7932  1.00272077 28350
AEHF-2 (USA 235)        
1 38254U 12019A   21274.55679007 -.00000203  00000-0  00000-0 0  9996
2 38254   2.8200  58.0801 0001907 134.9391 299.7767  0.99943098 33616
JCSAT-13                
1 38331U 12023A   21275.02779953 -.00000359  00000-0  00000+0 0  9992
2 38331   0.0281 252.6010 0002416 310.4679 301.9221  1.00269993 34330
VINASAT-2               
1 38332U 12023B   21274.95758895 -.00000331  00000-0  00000+0 0  9996
2 38332   0.0177 244.4222 0001826 310.3475 292.7241  1.00273828 34371
NIMIQ 6                 
1 38342U 12026A   21274.98488821 -.00000176  00000-0  00000+0 0  9999
2 38342   0.0296  93.3304 0002150  97.1041  83.9796  1.00271950 34353
CHINASAT 2A (ZX 2A)     
1 38352U 12028A   21275.45333677 -.00000296  00000-0  00000+0 0  9996
2 38352   0.0364 346.2773 0001673 320.9295 325.6637  1.00271763 34405
INTELSAT 19 (IS-19)     
1 38356U 12030A   21274.82079939 -.00000059  00000-0  00000-0 0  9999
2 38356   0.0169 157.8906 0003210  40.5666 273.8229  1.00271415 33204
ECHOSTAR 17             
1 38551U 12035A   21275.49788344 -.00000078  00000-0  00000+0 0  9992
2 38551   0.0252 180.4017 0002071   2.5561 260.6119  1.00270256 33894
METEOSAT-10 (MSG-3)     
1 38552U 12035B   21274.78957529  .00000060  00000-0  00000-0 0  9998
2 38552   1.2465  20.9380 0001720 201.1776  82.2064  1.00277120 33614
SES-5                   
1 38652U 12036A   21275.31785506  .00000031  00000-0  00000+0 0  9991
2 38652   0.0593 292.6663 0001856 258.3265 299.6911  1.00271721 33833
TIANLIAN 1-03           
1 38730U 12040A   21275.19545837  .00000123  00000-0  00000+0 0  9992
2 38730   1.3644  94.8269 0002297 343.6887  23.3956  1.00271995 33758
INTELSAT 20 (IS-20)     
1 38740U 12043A   21275.44740594 -.00000027  00000-0  00000+0 0  9995
2 38740   0.0121 169.3050 0002245  13.0192  58.6359  1.00272383 33593
HYLAS 2                 
1 38741U 12043B   21275.08104887  .00000152  00000-0  00000+0 0  9993
2 38741   0.0175 155.0293 0001732  35.3990 240.8288  1.00272088 33618
INTELSAT 21 (IS-21)     
1 38749U 12045A   21275.04702032 -.00000287  00000-0  00000+0 0  9995
2 38749   0.0159 232.5583 0002561 325.6970 131.6833  1.00272823 33402
ASTRA 2F                
1 38778U 12051A   21275.40049476  .00000147  00000-0  00000+0 0  9994
2 38778   0.0575 229.7763 0004128 344.7108 329.2282  1.00272144 33050
GSAT-10                 
1 38779U 12051B   21275.45178906 -.00000167  00000-0  00000+0 0  9994
2 38779   0.0092 177.2365 0002301  45.0249  34.7942  1.00270133 33055
INTELSAT 23 (IS-23)     
1 38867U 12057A   21275.48298285 -.00000287  00000-0  00000+0 0  9997
2 38867   0.0170 225.5667 0001778 324.6000 302.1474  1.00271482 32879
BEIDOU 16               
1 38953U 12059A   21274.95624531 -.00000178  00000-0  00000-0 0  9993
2 38953   1.3495  84.1276 0009226 283.5719  71.5431  1.00274552 32804
LUCH 5B                 
1 38977U 12061A   21274.71273611 -.00000131  00000-0  00000-0 0  9994
2 38977   6.7342  64.4637 0003878  96.4548  90.0584  1.00272427 32938
YAMAL 300K              
1 38978U 12061B   21274.82420090  .00000069  00000-0  00000-0 0  9991
2 38978   0.0205 184.2437 0000270 277.0481  29.1448  1.00271748 32408
STAR ONE C3             
1 38991U 12062A   21275.46973247 -.00000252  00000-0  00000+0 0  9999
2 38991   0.0530  94.4306 0002410 114.1402 256.9681  1.00271035 32625
EUTELSAT 21B            
1 38992U 12062B   21275.07908378  .00000127  00000-0  00000+0 0  9990
2 38992   0.0693  15.1805 0002503 169.4654 236.4450  1.00272642 32638
ECHOSTAR 16             
1 39008U 16039B   21275.47807686 -.00000285  00000-0  00000+0 0  9997
2 39008   0.0160 190.2762 0001882 357.7054 294.0612  1.00271342 32577
CHINASAT 12 (ZX 12)     
1 39017U 12067A   21275.07225203 -.00000210  00000-0  00000+0 0  9997
2 39017   0.0153 130.4210 0002952  60.7507 293.3861  1.00271766 32473
EUTELSAT 70B            
1 39020U 12069A   21275.38174240 -.00000046  00000-0  00000+0 0  9998
2 39020   0.0697 344.6668 0006740 218.3869  16.1922  1.00271756 32374
YAMAL 402               
1 39022U 12070A   21274.86646417  .00000083  00000-0  00000-0 0  9995
2 39022   0.0210 151.5394 0002625  52.8586 173.2583  1.00272675 32361
SKYNET 5D               
1 39034U 12075A   21275.28799375  .00000097  00000-0  00000+0 0  9996
2 39034   0.0717   8.2307 0004023 190.5854 328.8316  1.00272257 32289
MEXSAT 3                
1 39035U 12075B   21275.49254500 -.00000029  00000-0  00000+0 0  9992
2 39035   0.0123 131.1149 0002677  75.0001 227.8550  1.00272889 32240
TDRS 11                 
1 39070U 13004A   21274.82472420  .00000076  00000-0  00000-0 0  9995
2 39070   3.2036 339.5523 0004026  96.0283  57.7751  1.00267451 29453
AMAZONAS 3              
1 39078U 13006A   21275.04702032 -.00000285  00000-0  00000+0 0  9997
2 39078   0.0234 201.8753 0005249  13.5793 111.4952  1.00271288 31738
AZERSPACE 1             
1 39079U 13006B   21275.01218748  .00000130  00000-0  00000+0 0  9999
2 39079   0.0145 123.2163 0002122  96.0285 202.0981  1.00272815 31692
SBIRS GEO-2 (USA 241)   
1 39120U 13011A   21274.77400824  .00000121  00000-0  00000-0 0  9993
2 39120   1.8685   7.1593 0002340 178.6450 124.2710  1.00272489 31295
EUTELSAT 117 WEST A     
1 39122U 13012A   21274.63082470 -.00000015  00000-0  00000-0 0  9997
2 39122   0.0394  45.5697 0002826 147.9566 287.3700  1.00271393 31206
ANIK G1                 
1 39127U 13014A   21274.63768203 -.00000076  00000-0  00000-0 0  9996
2 39127   0.0139 166.2804 0002909  23.8330 302.7592  1.00272345 31010
CHINASAT 11 (ZX 11)     
1 39157U 13020A   21275.23565898 -.00000292  00000-0  00000+0 0  9997
2 39157   0.0430 269.0622 0000703 264.0042  20.8129  1.00268469 30910
EUTELSAT 7B             
1 39163U 13022A   21274.78913920  .00000045  00000-0  00000-0 0  9994
2 39163   0.0664   5.9770 0001230 331.9029 323.9603  1.00271195 30736
WGS F5 (USA 243)        
1 39168U 13024A   21274.77727753 -.00000287  00000-0  00000-0 0  9996
2 39168   0.0089 173.6965 0000485  83.1756 341.1970  1.00271595 29938
SES-6                   
1 39172U 13026A   21275.06678601 -.00000264  00000-0  00000+0 0  9997
2 39172   0.0283 305.5359 0002324 258.3462 150.6760  1.00269686 30486
IRNSS-1A                
1 39199U 13034A   21274.58321716  .00000109  00000-0  00000-0 0  9991
2 39199  31.8554  89.3554 0020475 178.0508   8.2014  1.00268661 30121
MUOS-2                  
1 39206U 13036A   21274.82411368  .00000064  00000-0  00000-0 0  9992
2 39206   2.5617  13.7831 0057524 179.4670 297.1429  1.00272714 29956
ALPHASAT                
1 39215U 13038A   21275.29512307  .00000134  00000-0  00000+0 0  9998
2 39215   2.6189  16.0388 0002581 192.3441 293.9542  1.00271584 30032
INSAT-3D                
1 39216U 13038B   21274.83433671 -.00000159  00000-0  00000-0 0  9993
2 39216   0.0245 240.1928 0001357 314.9445 198.1132  1.00271577 29855
WGS F6 (USA 244)        
1 39222U 13041A   21274.68901278  .00000087  00000-0  00000-0 0  9999
2 39222   0.0209 179.0680 0000330 114.1218 190.2862  1.00270508 28816
ES'HAIL 1               
1 39233U 13044A   21275.07986875  .00000140  00000-0  00000+0 0  9993
2 39233   0.0242  16.5872 0001770 172.2169 236.4550  1.00268836 29664
GSAT-7                  
1 39234U 13044B   21274.81299479 -.00000080  00000-0  00000-0 0  9997
2 39234   0.0247 123.3936 0008313 128.5816 125.4846  1.00272624 28081
AMOS-4                  
1 39237U 13045A   21275.44670819  .00000004  00000-0  00000+0 0  9996
2 39237   0.0343 255.3510 0001397 306.8359  35.0341  1.00272048 29653
AEHF-3 (USA 246)        
1 39256U 13050A   21274.75669406  .00000133  00000-0  00000-0 0  9990
2 39256   1.1208  63.7640 0055382 183.8526 240.4168  1.00272542 28436
ASTRA 2E                
1 39285U 13056A   21275.08018084  .00000148  00000-0  00000+0 0  9990
2 39285   0.0579  12.6902 0002475 181.4883 234.2197  1.00270392 29352
FM-6                    
1 39360U 13058A   21275.50914032 -.00000020  00000-0  00000+0 0  9991
2 39360   0.0435 270.1720 0000604 159.8740   8.5439  1.00270100 29111
RADUGA-1M 3             
1 39375U 13062A   21274.65116009  .00000154  00000-0  00000+0 0  9992
2 39375   1.5819  92.5441 0001172 351.5514 195.9027  1.00274700 28883
SES-8                   
1 39460U 13071A   21275.45263903 -.00000273  00000-0  00000+0 0  9995
2 39460   0.0280 237.2032 0001728 278.2987 113.8554  1.00272815 28636
INMARSAT 5-F1           
1 39476U 13073A   21275.44618488  .00000025  00000-0  00000+0 0  9999
2 39476   0.0013 117.2252 0000479 153.0812 324.3353  1.00270351 28692
TKSAT-1 (TUPAC KATARI)  
1 39481U 13075A   21275.46210122 -.00000198  00000-0  00000+0 0  9994
2 39481   0.0407 324.7589 0002094 211.8176 274.0018  1.00271387 28615
EXPRESS-AM5             
1 39487U 13077A   21275.21139431 -.00000283  00000-0  00000+0 0  9993
2 39487   0.0308 312.0555 0001139  30.0433 245.1982  1.00269983 29114
GSAT-14                 
1 39498U 14001A   21274.81299479 -.00000080  00000-0  00000-0 0  9993
2 39498   0.0094 205.8342 0005264  26.0167 145.6112  1.00272223 28167
THAICOM 6               
1 39500U 14002A   21275.12132782 -.00000124  00000-0  00000+0 0  9994
2 39500   0.0673 119.2196 0004292  44.6487 329.4127  1.00272646 28280
TDRS 12                 
1 39504U 14004A   21275.42551418 -.00000273  00000-0  00000+0 0  9999
2 39504   4.1088 343.1969 0002985 196.0129 304.4512  1.00269746 28218
ABS-2                   
1 39508U 14006A   21274.81299479 -.00000089  00000-0  00000-0 0  9999
2 39508   0.0401  43.5990 0002651 137.5899 197.1942  1.00272323 28045
ATHENA-FIDUS            
1 39509U 14006B   21274.80551175  .00000151  00000-0  00000-0 0  9992
2 39509   0.0184 181.0207 0001540  23.3341 134.2039  1.00270189 27836
TURKSAT 4A              
1 39522U 14007A   21274.98174203  .00000143  00000-0  00000+0 0  9990
2 39522   0.0537 268.4886 0004020 322.1821 175.7098  1.00269337 27978
EXPRESS-AT1             
1 39612U 14010A   21275.44487661  .00000075  00000-0  00000+0 0  9995
2 39612   0.0334 325.1472 0000248 298.1934 324.2223  1.00274066 27819
EXPRESS-AT2             
1 39613U 14010B   21275.31806144 -.00000284  00000-0  00000+0 0  9996
2 39613   0.0335 333.8643 0000712 292.2915 359.4603  1.00271154 27645
AMAZONAS 4A             
1 39616U 14011A   21274.98828971 -.00000255  00000-0  00000+0 0  9992
2 39616   0.1135  81.2214 0003005 110.8833 100.6353  1.00273014 27620
ASTRA 5B                
1 39617U 14011B   21275.12549281  .00000152  00000-0  00000+0 0  9999
2 39617   0.0086  62.3074 0003647 131.2106 254.2389  1.00268967 27638
IRNSS-1B                
1 39635U 14017A   21274.58321716  .00000106  00000-0  00000-0 0  9995
2 39635  29.2746 269.4117 0020880 190.2812 175.8405  1.00275415 27553
LUCH 5V                 
1 39727U 14023A   21275.45263903 -.00000271  00000-0  00000+0 0  9997
2 39727   0.9083  66.3722 0002147 121.4323  81.2576  1.00275575545270
KAZSAT-3                
1 39728U 14023B   21274.90894427  .00000056  00000-0  00000-0 0  9999
2 39728   0.0101 202.4339 0000450 267.2855 286.8549  1.00283215 25203
EUTELSAT 3B             
1 39773U 14030A   21275.07542060  .00000018  00000-0  00000+0 0  9996
2 39773   0.0630  14.0028 0005728 176.2261 211.0496  1.00272511 26989
USA 254                 
1 40100U 14043B   21264.75026000  .00000107  00000-0  00000+0 0  9999
2 40100   0.2370  98.5897 0001445 159.4220  68.6583  0.99580380  1405
ASIASAT 8 (AMOS-7)      
1 40107U 14046A   21274.78695875 -.00000036  00000-0  00000-0 0  9998
2 40107   0.0247 241.8908 0002251 299.4212 108.8722  1.00271287 84916
ASIASAT 6               
1 40141U 14052A   21273.51967554 -.00000364  00000-0  00000-0 0  9993
2 40141   0.0126 162.0791 0000772  38.5639 115.8420  1.00270299 25904
OPTUS 10                
1 40146U 14054A   21275.43419850 -.00000150  00000-0  00000+0 0  9996
2 40146   0.0295 204.4544 0004193 343.2720 135.9696  1.00271288 25885
MEASAT-3B               
1 40147U 14054B   21275.02125817 -.00000244  00000-0  00000+0 0  9993
2 40147   0.0399  39.4700 0000666 171.2032 259.4598  1.00271467 25935
LUCH (OLYMP)            
1 40258U 14058A   21274.78087836  .00000022  00000-0  00000-0 0  9994
2 40258   0.0243 247.1555 0002682 359.0185 104.7627  1.00439782 23756
HIMAWARI-8              
1 40267U 14060A   21274.81574073 -.00000278  00000-0  00000-0 0  9999
2 40267   0.0149 193.9477 0001314  40.7295 210.4284  1.00271494 25513
IRNSS-1C                
1 40269U 14061A   21274.80422795 -.00000164  00000-0  00000-0 0  9998
2 40269   2.4560 141.9774 0020484   6.1064 235.2217  1.00274051 25445
INTELSAT 30 (IS-30)     
1 40271U 14062A   21274.98410324 -.00000154  00000-0  00000+0 0  9994
2 40271   0.0115 247.8448 0002038 184.3682 197.9553  1.00272591 25525
ARSAT 1                 
1 40272U 14062B   21275.47141941 -.00000263  00000-0  00000+0 0  9997
2 40272   0.0198 267.3033 0001625 286.4890 275.5400  1.00273090 25653
EXPRESS-AM6             
1 40277U 14064A   21273.69146793  .00000095  00000-0  00000-0 0  9999
2 40277   0.0368 285.4751 0001118 196.2700 189.8874  1.00275311 25414
GSAT-16                 
1 40332U 14078A   21274.79873319  .00000082  00000-0  00000-0 0  9995
2 40332   0.0184 206.9822 0005201 268.9711 237.4103  1.00271110 24861
DIRECTV 14              
1 40333U 14078B   21275.50355209 -.00000126  00000-0  00000+0 0  9998
2 40333   0.0209 132.2279 0001061 246.1758  75.0821  1.00258776 25010
YAMAL 401               
1 40345U 14082A   21272.43710476 -.00000230  00000-0  00000-0 0  9993
2 40345   0.0138 191.5957 0000407  47.7924  16.3546  1.00272355 25143
ASTRA 2G                
1 40364U 14089A   21275.40049476  .00000147  00000-0  00000+0 0  9991
2 40364   0.0489  14.9702 0002007  82.6881  86.0758  1.00270027 24789
FENGYUN 2G              
1 40367U 14090A   21274.86678476 -.00000305  00000-0  00000-0 0  9991
2 40367   1.2863  91.7264 0002451 264.0648  66.8047  1.00273914 24759
MUOS-3                  
1 40374U 15002A   21275.07549170 -.00000130  00000-0  00000+0 0  9990
2 40374   2.5484   2.6091 0059502 179.3523 200.7067  1.00270440 24581
INMARSAT 5-F2           
1 40384U 15005A   21275.42618882 -.00000288  00000-0  00000+0 0  9994
2 40384   0.0020 151.8924 0000194 224.3913  93.5370  1.00271559 24442
ABS-3A                  
1 40424U 15010A   21275.36247361 -.00000029  00000-0  00000+0 0  9991
2 40424   0.0053 192.0675 0002418 267.5563  39.1803  1.00271766 24160
EUTELSAT 115 WEST B     
1 40425U 15010B   21275.27854591 -.00000028  00000-0  00000+0 0  9990
2 40425   0.0310  36.9920 0000127 114.6744 204.9433  1.00272331 24209
EXPRESS-AM7             
1 40505U 15012A   21275.14886536  .00000148  00000-0  00000+0 0  9993
2 40505   0.0192 163.4977 0002895  45.4196 255.7668  1.00272972 24126
IRNSS-1D                
1 40547U 15018A   21274.99958512 -.00000277  00000-0  00000+0 0  9995
2 40547  29.1079 269.4620 0018902 189.9872  23.1027  1.00269935 24009
BEIDOU 17               
1 40549U 15019A   21275.45904106 -.00000124  00000-0  00000+0 0  9991
2 40549  52.3184 315.7543 0038373 189.4149 123.5978  1.00297994 23848
THOR 7                  
1 40613U 15022A   21275.03521385 -.00000011  00000-0  00000+0 0  9990
2 40613   0.0096 196.3894 0002605 353.5028 193.1399  1.00270842 23587
TURKMENALEM52E/MONACOSAT
1 40617U 15023A   21275.28799375  .00000101  00000-0  00000+0 0  9997
2 40617   0.0164 115.8690 0003073  79.3660 331.6966  1.00272727 23596
DIRECTV 15              
1 40663U 15026A   21275.50069531 -.00000103  00000-0  00000+0 0  9993
2 40663   0.0139 144.2737 0001438 222.9786  81.5856  1.00255134 23306
SKY MEXICO-1            
1 40664U 15026B   21275.46719432 -.00000237  00000-0  00000+0 0  9999
2 40664   0.0214 164.3102 0001982  26.4799 270.0349  1.00269542 23305
METEOSAT-11 (MSG-4)     
1 40732U 15034A   21274.78783093 -.00000003  00000-0  00000-0 0  9994
2 40732   0.3329 115.5715 0001451  10.8589 168.4248  1.00262428 22789
STAR ONE C4             
1 40733U 15034B   21275.47224726 -.00000268  00000-0  00000+0 0  9997
2 40733   0.0113  32.7280 0000846 205.7811 232.9079  1.00269308 22788
WGS F7 (USA 263)        
1 40746U 15036A   21275.38313137  .00000015  00000-0  00000+0 0  9997
2 40746   0.0048 181.0678 0000327  32.0162 111.1821  1.00272079 22649
INTELSAT 34 (IS-34)     
1 40874U 15039A   21275.06993752 -.00000288  00000-0  00000+0 0  9997
2 40874   0.0383 281.9016 0000855  92.1296 326.6770  1.00271831 22382
EUTELSAT 8 WEST B       
1 40875U 15039B   21275.07549170 -.00000068  00000-0  00000+0 0  9996
2 40875   0.0669   3.6223 0002859 142.4676 244.1228  1.00271768 22455
GSAT-6                  
1 40880U 15041A   21274.83433671 -.00000163  00000-0  00000-0 0  9993
2 40880   0.0332 107.0460 0004149  77.9811 208.6281  1.00273159 22378
INMARSAT 5-F3           
1 40882U 15042A   21275.38313137  .00000048  00000-0  00000+0 0  9991
2 40882   0.0023  98.8061 0000103 289.6375 300.4204  1.00272003 22311
MUOS-4                  
1 40887U 15044A   21275.08989882 -.00000096  00000-0  00000+0 0  9995
2 40887   2.6018 357.7779 0050427 356.8021 123.8546  1.00272092 22314
TJS-1                   
1 40892U 15046A   21274.87798721 -.00000159  00000-0  00000-0 0  9990
2 40892   0.0208 286.6852 0003200  73.2325 122.0127  1.00271249 22329
EXPRESS-AM8             
1 40895U 15048A   21275.16768446 -.00000114  00000-0  00000+0 0  9999
2 40895   0.0314 320.4820 0000876 320.0670 136.9453  1.00272056 22147
BEIDOU 20               
1 40938U 15053A   21275.06467528 -.00000082  00000-0  00000+0 0  9993
2 40938  51.9036 278.8399 0048170 196.1041  14.0234  1.00259576 22102
SKY MUSTER 1 (NBN1A)    
1 40940U 15054A   21274.81565352 -.00000281  00000-0  00000-0 0  9995
2 40940   0.0139 240.7219 0001649 313.5489 250.3928  1.00272409 22019
ARSAT 2                 
1 40941U 15054B   21275.46549597 -.00000228  00000-0  00000+0 0  9991
2 40941   0.0176 261.3322 0001754 284.3951 272.2682  1.00272993 22086
MORELOS 3               
1 40946U 15056A   21275.49364258 -.00000048  00000-0  00000+0 0  9990
2 40946   4.0938 331.5964 0002807 180.4181 284.0179  1.00272280 22041
APSTAR 9                
1 40982U 15059A   21275.42479825 -.00000268  00000-0  00000+0 0  9997
2 40982   0.0073 145.4873 0002106  13.8775 146.9698  1.00272119 21916
TURKSAT 4B              
1 40984U 15060A   21275.48035562  .00000112  00000-0  00000+0 0  9990
2 40984   0.0222 184.8990 0001963 359.1822  50.2638  1.00267995 21861
CHINASAT 2C (ZX 2C)     
1 41021U 15063A   21275.36577277 -.00000327  00000-0  00000+0 0  9996
2 41021   0.0347  65.2562 0000887 256.4109 284.7671  1.00273945 21773
GSAT-15                 
1 41028U 15065A   21275.09347477 -.00000261  00000-0  00000+0 0  9999
2 41028   0.0348  96.0189 0002316  78.4032 323.7866  1.00271437 21622
BADR-7 (ARABSAT-6B)     
1 41029U 15065B   21275.40049476  .00000142  00000-0  00000+0 0  9990
2 41029   0.0495 249.3707 0006308 338.3207 313.8378  1.00270203 21675
LAOSAT 1                
1 41034U 15067A   21274.81338584 -.00000346  00000-0  00000-0 0  9991
2 41034   0.0455 332.1087 0001736 205.9430 254.0669  1.00271990 21613
TELSTAR 12V             
1 41036U 15068A   21275.07549170 -.00000121  00000-0  00000+0 0  9998
2 41036   0.0032 100.1229 0001696  98.8892 184.2167  1.00271910 21498
CHINASAT 1C (ZX 1C)     
1 41103U 15073A   21274.80396628 -.00000152  00000-0  00000-0 0  9992
2 41103   2.7502  87.8780 0001774  70.3794 223.3785  1.00272219 21416
ELEKTRO-L 2             
1 41105U 15074A   21275.17341214 -.00000116  00000-0  00000+0 0  9996
2 41105   2.3394  91.1701 0002893  98.4313 229.4689  1.00271371 21277
COSMOS 2513             
1 41121U 15075A   21274.81299479 -.00000141  00000-0  00000-0 0  9999
2 41121   0.0450 117.5089 0003254 104.7712 161.4185  1.00272707 21282
EXPRESS-AMU1            
1 41191U 15082A   21274.80546601  .00000153  00000-0  00000-0 0  9997
2 41191   0.0148 247.1608 0002418 313.8001 135.8935  1.00268907 21033
GAOFEN 4                
1 41194U 15083A   21274.93026608 -.00000338  00000-0  00000-0 0  9991
2 41194   0.0696 297.0003 0003926 286.2500 228.2464  1.00272627 21284
BELINTERSAT-1           
1 41238U 16001A   21274.80587764  .00000104  00000-0  00000-0 0  9992
2 41238   0.0484  76.1984 0001689  70.8439 205.3384  1.00270800 21013
IRNSS-1E                
1 41241U 16003A   21274.42271390 -.00000277  00000-0  00000-0 0  9993
2 41241  29.4027  88.6736 0021599 175.5217  10.1996  1.00272055 20831
EUTELSAT 9B             
1 41310U 16005A   21274.78948807  .00000059  00000-0  00000-0 0  9992
2 41310   0.0892  80.9863 0005296 168.9941  53.9771  1.00273042 20872
SES-9                   
1 41380U 16013A   21274.80928660 -.00000348  00000-0  00000-0 0  9998
2 41380   0.0340 274.6139 0001385 222.1092 273.6889  1.00271412 20195
EUTELSAT 65 WEST A      
1 41382U 16014A   21275.10396670 -.00000279  00000-0  00000+0 0  9997
2 41382   0.0608   8.6187 0001822 179.1454 155.5296  1.00274386 20419
IRNSS-1F                
1 41384U 16015A   21275.08135146  .00000157  00000-0  00000+0 0  9990
2 41384   1.9669 178.3477 0017680 183.9448  70.6098  1.00266123 20439
BEIDOU IGSO-6           
1 41434U 16021A   21274.58263747 -.00000115  00000-0  00000+0 0  9991
2 41434  57.7211  55.5322 0043246 210.4838  47.9145  1.00291985 20230
IRNSS-1G                
1 41469U 16027A   21274.87768797 -.00000338  00000-0  00000-0 0  9990
2 41469   1.9315 181.8784 0003412 314.3662 320.0405  1.00274548 19934
JCSAT-2B                
1 41471U 16028A   21274.89022503 -.00000167  00000-0  00000+0 0  9993
2 41471   0.0160 193.7612 0001756   5.6867 285.8942  1.00272644 19842
THAICOM 8               
1 41552U 16031A   21275.12098062 -.00000124  00000-0  00000+0 0  9990
2 41552   0.0904  76.0638 0001298  61.8189 355.2510  1.00270696 19546
INTELSAT 31 (IS-31)     
1 41581U 16035A   21274.12279263 -.00000153  00000-0  00000-0 0  9992
2 41581   0.0104 200.1238 0001769   8.6807 110.4339  1.00270286 19359
BEIDOU-2 G7             
1 41586U 16037A   21274.88438170 -.00000355  00000-0  00000-0 0  9990
2 41586   1.9247  69.1231 0007425  12.6754 357.9594  1.00268967 19555
ABS-2A (MONGOLSAT-1)    
1 41588U 16038A   21275.01794388 -.00000086  00000-0  00000+0 0  9995
2 41588   0.0200 175.9218 0001708 282.0889 354.1376  1.00269113 19468
EUTELSAT 117 WEST B     
1 41589U 16038B   21275.37540727 -.00000015  00000-0  00000+0 0  9993
2 41589   0.0272  41.8995 0000494  75.4966 272.0684  1.00271826 19477
BRISAT                  
1 41591U 16039A   21274.88952728 -.00000199  00000-0  00000+0 0  9993
2 41591   0.0124 242.9423 0002085 309.7388 288.9041  1.00271325 19405
ECHOSTAR 18             
1 41592U 16039B   21275.04702032 -.00000285  00000-0  00000+0 0  9990
2 41592   0.0247 177.2984 0001515  17.8713 131.4033  1.00268142 19372
MUOS-5                  
1 41622U 16041A   21274.63889240 -.00000140  00000-0  00000-0 0  9999
2 41622   6.2144 303.0256 0203487 229.8051 322.7413  1.00271919 19848
TIANTONG-1 1            
1 41725U 16048A   21274.80797831 -.00000321  00000-0  00000-0 0  9994
2 41725   2.4437 347.2991 0002860 266.2416 149.5087  1.00272903 19030
JCSAT-16                
1 41729U 16050A   21274.81643848 -.00000254  00000-0  00000-0 0  9995
2 41729   0.0411  93.8943 0000995  21.9274 332.8105  1.00270497 18826
USA 270                 
1 41744U 16052A   21264.74589909  .00000135  00000-0  00000+0 0  9998
2 41744   0.0228 209.5737 0001472  42.3351  51.0122  1.00130986  1391
USA 271                 
1 41745U 16052B   21264.68545692 -.00000229  00000-0  00000+0 0  9998
2 41745   1.1752  95.0788 0003661  48.1472 194.8242  1.00176531  1395
INTELSAT 36 (IS-36)     
1 41747U 16053A   21275.08850333 -.00000027  00000-0  00000+0 0  9994
2 41747   0.0147 197.4908 0002685 180.0212  93.8736  1.00269880 18728
INTELSAT 33E (IS-33E)   
1 41748U 16053B   21274.79969260  .00000046  00000-0  00000-0 0  9993
2 41748   0.0417   3.0132 0002050 195.9711 159.6662  1.00273031 19009
INSAT-3DR               
1 41752U 16054A   21274.81299479 -.00000080  00000-0  00000-0 0  9999
2 41752   0.0904  94.1900 0011997 169.1078 114.1625  1.00271401 18562
GSAT-18                 
1 41793U 16060A   21274.81299479 -.00000080  00000-0  00000-0 0  9991
2 41793   0.0616  96.1527 0001099 300.0615 341.2268  1.00272308 18292
SKY MUSTER 2 (NBN1B)    
1 41794U 16060B   21275.44632418 -.00000247  00000-0  00000+0 0  9990
2 41794   0.0111 233.7277 0001429 321.1071 122.0467  1.00272407 18332
HIMAWARI-9              
1 41836U 16064A   21274.88752126 -.00000277  00000-0  00000+0 0  9990
2 41836   0.0140 191.9418 0000366 353.0493 286.1134  1.00272751 18069
SHIJIAN-17 (SJ-17)      
1 41838U 16065A   21274.91639775 -.00000365  00000-0  00000-0 0  9990
2 41838   1.3779  92.0295 0000510 100.5077 265.7845  1.00275575 17979
GOES 16                 
1 41866U 16071A   21275.46973140 -.00000251  00000-0  00000+0 0  9999
2 41866   0.1056  83.2685 0000941 155.0498 227.0134  1.00271477 17878
TIANLIAN 1-04           
1 41869U 16072A   21274.82297984  .00000028  00000-0  00000-0 0  9999
2 41869   0.2129 275.4672 0023633 205.0497   3.3305  1.00269771 18074
WGS F8 (USA 272)        
1 41879U 16075A   21274.81757233 -.00000205  00000-0  00000-0 0  9998
2 41879   0.0156 143.4554 0000078 343.1890 328.2751  1.00271408 17584
FENGYUN 4A              
1 41882U 16077A   21275.22389858 -.00000333  00000-0  00000+0 0  9995
2 41882   0.2275 284.8430 0003842 112.6786 158.9857  1.00272113 17747
ECHOSTAR 19             
1 41893U 16079A   21274.54269744 -.00000141  00000-0  00000+0 0  9991
2 41893   0.0183 171.6327 0002051  27.0617 270.0962  1.00272411 17492
JCSAT-15                
1 41903U 16082A   21275.49841042 -.00000354  00000-0  00000+0 0  9995
2 41903   0.0190 184.5667 0001414  20.5041  95.8742  1.00270331 17547
STAR ONE D1             
1 41904U 16082B   21274.55565623 -.00000213  00000-0  00000-0 0  9995
2 41904   0.0257 118.6290 0001836  49.3550 318.5496  1.00269532 17535
TJS-2                   
1 41911U 17001A   21274.91937271 -.00000009  00000-0  00000-0 0  9990
2 41911   0.2910 284.7974 0005444 265.7180 217.8322  1.00270672 17498
SBIRS GEO-4 (USA 273)   
1 41937U 17004A   21274.75590910  .00000125  00000-0  00000-0 0  9996
2 41937   2.8496 314.6494 0002443 237.7743 291.0208  1.00272818 17360
HISPASAT 36W-1          
1 41942U 17006A   21275.03799203 -.00000247  00000-0  00000+0 0  9997
2 41942   0.0177   9.6476 0000909 182.1764 156.8517  1.00271006 17295
TELKOM 3S               
1 41944U 17007A   21274.95479796 -.00000365  00000-0  00000+0 0  9993
2 41944   0.0101 220.8598 0002350 330.1254 281.6626  1.00273230 16970
INTELSAT 32E (IS-32E)   
1 41945U 17007B   21275.46577071 -.00000272  00000-0  00000+0 0  9993
2 41945   0.0248 182.3082 0000229 266.6926  46.8990  1.00269665 17013
ECHOSTAR 23             
1 42070U 17014A   21274.77422491 -.00000272  00000-0  00000-0 0  9990
2 42070   0.0242 175.5560 0002060   8.8286  37.1580  1.00269059 16690
WGS F9 (USA 275)        
1 42075U 17016A   21275.07549170 -.00000099  00000-0  00000+0 0  9991
2 42075   0.0190 167.9434 0000178  48.6093 169.6049  1.00270172 16697
SES-10                  
1 42432U 17017A   21274.49980027 -.00000275  00000-0  00000+0 0  9990
2 42432   0.0172 229.7684 0002620 325.1360 288.5911  1.00272960 16485
CHINASAT 16 (SJ-13)     
1 42662U 17018A   21274.97027584 -.00000355  00000-0  00000-0 0  9999
2 42662   0.0375  50.2868 0006931 176.3771 244.0933  1.00271856 16504
KOREASAT 7              
1 42691U 17023A   21274.87499179 -.00000365  00000-0  00000-0 0  9990
2 42691   0.0194  98.8848 0001541  96.8713 245.9735  1.00273442 16137
SGDC                    
1 42692U 17023B   21275.17705788 -.00000252  00000-0  00000+0 0  9995
2 42692   0.0246  79.5586 0001936 111.2753 169.1864  1.00269905 16213
GSAT-9                  
1 42695U 17024A   21274.80710615 -.00000289  00000-0  00000-0 0  9994
2 42695   0.0637  90.4604 0002213 101.3752 206.8047  1.00271330 16061
INMARSAT 5-F4           
1 42698U 17025A   21275.28799375  .00000073  00000-0  00000+0 0  9990
2 42698   0.0025 200.1536 0000278 130.8139 200.4336  1.00269988 16027
SES-15                  
1 42709U 17026A   21275.29227765  .00000056  00000-0  00000+0 0  9995
2 42709   0.0162 356.8351 0000743 197.9497 152.5398  1.00274834 16957
QZS-2 (MICHIBIKI-2)     
1 42738U 17028A   21275.32324267 -.00000145  00000-0  00000+0 0  9998
2 42738  42.2080 267.8111 0749179 270.3892  88.8724  1.00258814 15907
VIASAT-2                
1 42740U 17029A   21274.77378882 -.00000268  00000-0  00000-0 0  9999
2 42740   0.0271 258.8559 0000272  25.6862 294.8634  1.00272223 15945
EUTELSAT 172B           
1 42741U 17029B   21274.82202045 -.00000008  00000-0  00000-0 0  9995
2 42741   0.0182 195.3809 0000247 122.7987 160.5360  1.00272474 16482
GSAT-19                 
1 42747U 17031A   21274.80577854  .00000123  00000-0  00000-0 0  9992
2 42747   0.0433  94.7023 0004392  25.9221 228.0810  1.00270730 15894
ECHOSTAR 21             
1 42749U 17032A   21274.78974972  .00000059  00000-0  00000-0 0  9992
2 42749   4.5333 311.1447 0002083 239.1635 115.0143  1.00271949 15867
BULGARIASAT-1           
1 42801U 17038A   21275.34354833  .00000009  00000-0  00000+0 0  9992
2 42801   0.0331 110.5600 0002681  78.3897 307.9156  1.00272136 15678
HELLAS-SAT 3            
1 42814U 17040A   21275.20470207  .00000149  00000-0  00000+0 0  9993
2 42814   0.0689  28.0315 0000645 102.2630 353.5548  1.00273566 15629
GSAT-17                 
1 42815U 17040B   21275.45237737 -.00000261  00000-0  00000+0 0  9996
2 42815   0.0623  98.6567 0004577 149.0961  20.0118  1.00271444 15637
INTELSAT 35E (IS-35E)   
1 42818U 17041A   21275.06791985 -.00000241  00000-0  00000+0 0  9995
2 42818   0.0122 197.8619 0001756 358.4776 164.6484  1.00270870 15576
COSMOS 2520             
1 42907U 17046A   21275.15557406  .00000134  00000-0  00000+0 0  9997
2 42907   0.0170 155.6618 0000267 135.2328 181.2177  1.00273721 15155
TDRS 13                 
1 42915U 17047A   21274.77431031 -.00000104  00000-0  00000-0 0  9998
2 42915   4.8586 331.5494 0015105 118.6898 187.7063  1.00272110 15109
QZS-3 (MICHIBIKI-3)     
1 42917U 17048A   21275.31544490 -.00000350  00000-0  00000+0 0  9998
2 42917   0.0562 164.1727 0002586  40.6697  47.0334  1.00274744 15139
AMAZONAS 5              
1 42934U 17053A   21274.99090625 -.00000285  00000-0  00000+0 0  9999
2 42934   0.0428 323.5512 0002378 261.5671  81.5599  1.00272737 14884
ASIASAT 9               
1 42942U 17057A   21274.88385809 -.00000362  00000-0  00000-0 0  9998
2 42942   0.0060 162.5001 0002240  32.1710 256.4812  1.00271122 14702
INTELSAT 37E (IS-37E)   
1 42950U 17059A   21274.78416778 -.00000143  00000-0  00000-0 0  9995
2 42950   0.0182 180.7898 0002882  19.2807  74.9827  1.00272565 14821
BSAT-4A                 
1 42951U 17059B   21275.49841042 -.00000353  00000-0  00000+0 0  9993
2 42951   0.0764  45.5916 0000434  79.3964 175.7329  1.00270394 14712
QZS-4 (MICHIBIKI-4)     
1 42965U 17062A   21274.55064316 -.00000300  00000-0  00000+0 0  9991
2 42965  40.8150   5.4580 0748472 269.7233  73.1366  1.00276686 14560
SES-11 (ECHOSTAR 105)   
1 42967U 17063A   21275.05387773 -.00000092  00000-0  00000+0 0  9993
2 42967   0.0451 273.3698 0002716 290.7542  81.3382  1.00271972 14563
KOREASAT 5A             
1 42984U 17067A   21275.49841042 -.00000361  00000-0  00000+0 0  9997
2 42984   0.0106 141.1259 0001613  48.0638 114.8537  1.00272593 14394
ALCOMSAT 1              
1 43039U 17078A   21275.42874125 -.00000188  00000-0  00000+0 0  9999
2 43039   0.0221 198.1079 0002194 350.2463 312.5748  1.00272551 14042
SBIRS GEO-3 (USA 282)   
1 43162U 18009A   21275.49285605 -.00000297  00000-0  00000+0 0  9998
2 43162   4.0452 317.5637 0002421 235.3002 135.0050  1.00271968 13607
AL YAH 3                
1 43174U 18012A   21275.36854861 -.00000158  00000-0  00000+0 0  9993
2 43174   0.0168 251.0009 0001666 309.8391 283.0664  1.00273263 13608
SES-14                  
1 43175U 18012B   21274.77823693 -.00000281  00000-0  00000-0 0  9995
2 43175   0.0181 236.1401 0001123 322.5984  44.6786  1.00272483 13825
GOES 17                 
1 43226U 18022A   21274.68857669  .00000095  00000-0  00000-0 0  9995
2 43226   0.0583 294.7100 0000084 250.6869 295.9318  1.00267918 13179
HISPASAT 30W-6          
1 43228U 18023A   21274.99709874 -.00000219  00000-0  00000+0 0  9994
2 43228   0.0238  82.2842 0002317  85.9185 171.7220  1.00270446 13254
SUPERBIRD 8             
1 43271U 18033A   21274.89170774 -.00000094  00000-0  00000+0 0  9994
2 43271   0.0072 184.0068 0001074   8.4264 301.4476  1.00271629 12805
HYLAS 4                 
1 43272U 18033B   21274.78102792 -.00000236  00000-0  00000-0 0  9997
2 43272   0.0309 182.1108 0004457   2.7049  73.5706  1.00273511 12848
IRNSS-1I                
1 43286U 18035A   21274.58356604  .00000112  00000-0  00000-0 0  9997
2 43286  29.3052 101.5900 0020219 178.4365 355.7652  1.00277178 12830
USA 283                 
1 43339U 18036A   21274.75743788 -.00000319  00000-0  00000+0 0  9998
2 43339   0.0176 206.3867 0000709  71.6849 139.4198  1.00273861  1500
COSMOS 2526             
1 43432U 18037A   21274.95680399 -.00000347  00000-0  00000+0 0  9994
2 43432   0.0193 129.4785 0000567   9.6971 344.2379  1.00271838 12721
APSTAR 6C               
1 43450U 18041A   21272.94828975 -.00000320  00000-0  00000-0 0  9992
2 43450   0.0056 179.4271 0002768  36.0984 268.7696  1.00269302 12586
BANGABANDHUSAT-1        
1 43463U 18044A   21274.95505962 -.00000365  00000-0  00000+0 0  9998
2 43463   0.0190 172.1419 0002165  24.6489 277.0459  1.00272967 12498
SES-12                  
1 43488U 18049A   21275.45263903 -.00000272  00000-0  00000+0 0  9999
2 43488   0.0395  54.0479 0002124 193.1720  22.1356  1.00271915 12184
FENGYUN 2H              
1 43491U 18050A   21274.81299479 -.00000129  00000-0  00000-0 0  9993
2 43491   0.4969 105.1783 0003796  41.0681 236.1076  1.00276301 12199
BEIDOU IGSO-7           
1 43539U 18057A   21274.86130094 -.00000157  00000-0  00000-0 0  9996
2 43539  55.0623 178.0049 0041156 224.0179  31.0213  1.00289488 11910
TELSTAR 19V             
1 43562U 18059A   21275.47725957 -.00000283  00000-0  00000+0 0  9999
2 43562   0.0093 179.7075 0002784 345.1998 315.3373  1.00270140 11934
TELKOM 4 (MERAH PUTIH)  
1 43587U 18064A   21275.35743840 -.00000347  00000-0  00000+0 0  9991
2 43587   0.0115 215.1863 0001567 359.2297  33.5912  1.00272652 11626
TELSTAR 18V (APSTAR 5C) 
1 43611U 18069A   21275.49285605 -.00000297  00000-0  00000+0 0  9993
2 43611   0.0241 188.5258 0002066   4.2761 134.0578  1.00268202 11376
AZERSPACE 2 (IS-38)     
1 43632U 18074A   21274.79672719  .00000134  00000-0  00000-0 0  9990
2 43632   0.0239 182.7671 0001414  22.6664 137.2459  1.00268920 11227
HORIZONS 3E             
1 43633U 18074B   21275.44607118 -.00000033  00000-0  00000+0 0  9993
2 43633   0.0183   8.9527 0001078 275.7301  56.3179  1.00272532 11088
AEHF-4 (USA 288)        
1 43651U 18079A   21275.47399472 -.00000281  00000-0  00000+0 0  9997
2 43651   2.9430 313.3728 0002877 247.0711 274.0276  1.00275807 11057
BEIDOU-3 G1             
1 43683U 18085A   21275.49285605 -.00000282  00000-0  00000+0 0  9994
2 43683   0.9171 212.6986 0004824  29.9677  86.2268  1.00269461 10817
GSAT-29                 
1 43698U 18089A   21274.79873319  .00000082  00000-0  00000-0 0  9999
2 43698   0.0535  92.0862 0002137 116.8138 144.4893  1.00270558 10544
ES'HAIL 2               
1 43700U 18090A   21275.40049476  .00000142  00000-0  00000+0 0  9999
2 43700   0.0172 157.8109 0002425  66.2141 317.3046  1.00273539 10689
GEO-KOMPSAT-2A          
1 43823U 18100A   21274.74151809 -.00000346  00000-0  00000-0 0  9995
2 43823   0.0362 311.6725 0001865 289.4157 164.8296  1.00272736 10379
GSAT-11                 
1 43824U 18100B   21275.16133046 -.00000080  00000-0  00000+0 0  9990
2 43824   0.0371 251.0024 0005875 236.1418  16.0600  1.00272717 10391
GSAT-7A                 
1 43864U 18105A   21275.47479830  .00000024  00000-0  00000+0 0  9994
2 43864   0.0585 128.5625 0002307  79.6289  36.9354  1.00271561 10225
COSMOS 2533             
1 43867U 18107A   21275.07163712 -.00000042  00000-0  00000+0 0  9995
2 43867   0.0127 153.5859 0000574 331.1106 342.1088  1.00273080 10195
TJS-3                   
1 43874U 18110A   21274.93309234  .00000052  00000-0  00000-0 0  9993
2 43874   0.0494 299.2162 0002946 242.0027 229.4816  1.00052714 10175
TJS-3 AKM               
1 43917U 18110C   21274.90894417  .00000052  00000-0  00000-0 0  9990
2 43917   0.0406 247.9782 0006555 307.4594 201.8502  1.00273088 10129
CHINASAT 2D (ZX 2D)     
1 43920U 19001A   21275.24427490 -.00000340  00000-0  00000+0 0  9995
2 43920   0.0385   5.7885 0001503 356.7867 226.5837  1.00271938 10117
HELLAS-SAT 4 & SGS-1    
1 44034U 19007A   21275.20470207  .00000150  00000-0  00000+0 0  9996
2 44034   0.0666 126.8188 0006069  35.8088 321.2288  1.00270825 10116
GSAT-31                 
1 44035U 19007B   21274.74007583  .00000122  00000-0  00000-0 0  9998
2 44035   0.0130 193.6843 0004034  37.9226  93.4110  1.00272613  9735
NUSANTARA SATU          
1 44048U 19009A   21274.81687457 -.00000238  00000-0  00000-0 0  9995
2 44048   0.0222 162.6672 0001745  33.7988 254.3763  1.00268105  9511
CHINASAT 6C (ZX 6C)     
1 44067U 19012A   21274.67008644 -.00000340  00000-0  00000+0 0  9992
2 44067   0.0276 255.8421 0003449  20.3530 105.6466  1.00269236  9497
WGS 10 (USA 291)        
1 44071U 19014A   21274.72799928  .00000044  00000-0  00000-0 0  9998
2 44071   0.0240 170.2433 0000152  57.9281 104.9160  1.00269902  9384
TIANLIAN 2-01           
1 44076U 19017A   21274.81299479 -.00000141  00000-0  00000-0 0  9991
2 44076   0.8726 282.4005 0033743 228.3870 232.7161  1.00271762  9374
ARABSAT-6A              
1 44186U 19021A   21275.08104887  .00000151  00000-0  00000+0 0  9995
2 44186   0.0531 342.0421 0005628 247.9830 200.6989  1.00271848  8928
BEIDOU-3 IGSO-1         
1 44204U 19023A   21274.97234752 -.00000182  00000-0  00000+0 0  9995
2 44204  56.1791  55.7631 0022550 185.1452 238.2198  1.00289248  9121
BEIDOU-2 G8             
1 44231U 19027A   21274.88830623 -.00000250  00000-0  00000-0 0  9995
2 44231   0.3122  38.1502 0007256 163.0968 273.9315  1.00270085  8838
YAMAL 601               
1 44307U 19031A   21273.68739916  .00000118  00000-0  00000-0 0  9996
2 44307   0.0189 217.6154 0002090 338.5337 109.9796  1.00272891  8679
AT&T T-16               
1 44333U 19034A   21275.50264170 -.00000117  00000-0  00000+0 0  9995
2 44333   0.0186 224.9825 0001023 146.3961  80.1713  1.00261479  8392
EUTELSAT 7C             
1 44334U 19034B   21275.02132961  .00000045  00000-0  00000+0 0  9994
2 44334   0.0377 249.7952 0002906 289.5486 206.2865  1.00272005  8895
BEIDOU-3 IGSO-2         
1 44337U 19035A   21274.72127684 -.00000158  00000-0  00000-0 0  9997
2 44337  55.0980 174.0389 0020217 182.1233  33.5903  1.00280222  8451
COSMOS 2539             
1 44457U 19048A   21275.22072601  .00000079  00000-0  00000+0 0  9998
2 44457   0.0221 139.2616 0000609 162.7426 160.6282  1.00273398  7995
EDRS-C                  
1 44475U 19049A   21273.88611555  .00000152  00000-0  00000-0 0  9999
2 44475   0.0839 270.0859 0000797 278.2773 171.6589  1.00272358  7952
INTELSAT 39 (IS-39)     
1 44476U 19049B   21274.90440799  .00000030  00000-0  00000-0 0  9999
2 44476   0.0188 225.0258 0000766 147.1753  26.1969  1.00271387  7914
AMOS-17                 
1 44479U 19050A   21274.79114522  .00000107  00000-0  00000-0 0  9998
2 44479   0.0274 271.2350 0002199 289.0105 112.3199  1.00273200  7940
AEHF-5 (USA 292)        
1 44481U 19051A   21275.15749288  .00000077  00000-0  00000+0 0  9991
2 44481   4.9624 305.4511 0004116 237.5465 299.4349  1.00266699  8020
EUTELSAT 5 WEST B       
1 44624U 19067A   21275.07549170 -.00000045  00000-0  00000+0 0  9992
2 44624   0.0653  15.5414 0005641 127.8517 249.8229  1.00271635  7203
MEV-1                   
1 44625U 19067B   21274.31577003 -.00000204  00000-0  00000-0 0  9993
2 44625   0.0144 132.4874 0001141  84.1763 239.8103  1.00273298  5729
TJS-4                   
1 44637U 19070A   21275.12132782 -.00000173  00000-0  00000+0 0  9995
2 44637   0.0796 105.6705 0002342 188.9184 203.7413  1.00271106  7311
BEIDOU-3 IGSO-3         
1 44709U 19073A   21274.61583583 -.00000130  00000-0  00000-0 0  9994
2 44709  57.6771 299.0673 0020412 185.2139 227.5614  1.00285008  7214
TIBA-1                  
1 44800U 19080A   21274.80545076  .00000153  00000-0  00000-0 0  9994
2 44800   0.0580  15.7803 0002140 183.9729 136.4657  1.00273252  6810
INMARSAT GX5            
1 44801U 19080B   21275.11994142  .00000072  00000-0  00000+0 0  9991
2 44801   0.0112  13.9742 0001821 186.6417 224.6439  1.00268654  6855
JCSAT-18 (KACIFIC 1)    
1 44868U 19091A   21274.88944007 -.00000203  00000-0  00000+0 0  9991
2 44868   0.0291 287.4776 0001127 308.3444 245.2163  1.00273853  6853
ELEKTRO-L 3             
1 44903U 19095A   21274.81299479 -.00000100  00000-0  00000-0 0  9991
2 44903   0.0581 353.3063 0001704 245.8708 140.2622  1.00273053  6470
SHIJIAN-20 (SJ-20)      
1 44910U 19097A   21275.51197231 -.00000210  00000-0  00000+0 0  9993
2 44910   0.5200  93.5127 0003805  54.1304 135.6783  1.00272967  6459
TJS-5                   
1 44978U 20002A   21275.35743840 -.00000346  00000-0  00000+0 0  9990
2 44978   0.2865 283.9682 0004607 225.9861  97.5613  1.00271861  6466
GSAT-30                 
1 45026U 20005A   21274.91332785 -.00000167  00000-0  00000-0 0  9993
2 45026   0.0323 113.4564 0003586 358.2062 310.9926  1.00270261  6273
EUTELSAT KONNECT        
1 45027U 20005B   21275.31785506  .00000047  00000-0  00000+0 0  9997
2 45027   0.0473 114.6325 0000906 159.1912 219.0534  1.00271813  7092
JCSAT-17                
1 45245U 20013A   21274.54982317 -.00000318  00000-0  00000-0 0  9994
2 45245   6.4113 344.4555 0003736 195.2773 164.6925  1.00272778  5990
GEO-KOMPSAT-2B          
1 45246U 20013B   21274.74151809 -.00000346  00000-0  00000-0 0  9992
2 45246   0.0446  24.8564 0000877 128.5998 252.4525  1.00273490  6018
BEIDOU-3 G2             
1 45344U 20017A   21274.48660351 -.00000144  00000-0  00000-0 0  9999
2 45344   2.3020 340.3434 0003253 176.6112 108.6945  1.00271753  6024
AEHF-6 (USA 298)        
1 45465U 20022B   21274.95854834 -.00000306  00000-0  00000+0 0  9991
2 45465   6.5458 305.0328 0048163 349.6601 198.9668  1.00277081  5745
BEIDOU-3 G3             
1 45807U 20040A   21274.97008858 -.00000359  00000-0  00000-0 0  9999
2 45807   2.0413 299.0346 0010189 336.6327 195.0616  1.00271986  4846
APSTAR 6D               
1 45863U 20045A   21274.81443247 -.00000320  00000-0  00000-0 0  9992
2 45863   0.0447 101.6618 0001693  82.7021 253.6296  1.00269722  4618
KOREASAT 116            
1 45920U 20048A   21275.49841042 -.00000365  00000-0  00000+0 0  9997
2 45920   0.0215 186.7733 0000934  19.6845 100.6223  1.00268061  4411
EXPRESS 103             
1 45985U 20053A   21274.70242629 -.00000283  00000-0  00000-0 0  9993
2 45985   0.0266 303.3740 0000386   8.6306  48.0161  1.00271625  4409
EXPRESS 80              
1 45986U 20053B   21274.80370463 -.00000139  00000-0  00000-0 0  9993
2 45986   0.0359 340.5146 0001286 317.8449  81.7406  1.00271835  4408
BSAT-4B                 
1 46112U 20056A   21274.93219243 -.00000353  00000-0  00000-0 0  9998
2 46112   0.0626 118.9562 0003296  51.1996 286.1697  1.00271535  4145
MEV-2                   
1 46113U 20056B   21274.35049285 -.00000013  00000-0  00000-0 0  9995
2 46113   0.0135 128.3366 0001094  83.8034 283.3563  1.00272644 63303
GALAXY 30 (G-30)        
1 46114U 20056C   21275.17007743  .00000034  00000-0  00000+0 0  9991
2 46114   0.0189 213.4129 0002758 345.6854 108.2581  1.00272727  4169
GAOFEN 13               
1 46610U 20071A   21275.02657847 -.00000367  00000-0  00000+0 0  9999
2 46610   1.1449 276.4949 0003357 272.5767 309.3181  1.00274809  3664
TIANTONG-1 2            
1 46916U 20082A   21275.02788675 -.00000363  00000-0  00000+0 0  9990
2 46916   4.7504 297.4666 0002757 241.1769 327.2964  1.00274160  3411
LUCAS (JDRS-1)          
1 47202U 20089A   21274.80579786 -.00000237  00000-0  00000-0 0  9993
2 47202   0.0260 129.4616 0001161  48.5618 213.5423  1.00268347  3166
SXM-7                   
1 47240U 20096A   21275.49254476 -.00000025  00000-0  00000+0 0  9999
2 47240   0.0243 181.3423 0001461 162.6952  89.4042  1.00271228  3107
CMS-01                  
1 47256U 20099A   21275.50465993 -.00000169  00000-0  00000+0 0  9998
2 47256   0.0608  99.8606 0006473 149.3164  27.0083  1.00273167  2959
TURKSAT 5A              
1 47306U 21001A   21274.79393619  .00000152  00000-0  00000-0 0  9995
2 47306   0.0186 170.1411 0000502 108.8942  48.4735  1.00271438  2730
TIANTONG-1 3            
1 47321U 21003A   21275.54424509 -.00000162  00000-0  00000+0 0  9992
2 47321   4.9921 308.8496 0003683 255.0563  85.0248  1.00271372  2730
TJS-6                   
1 47613U 21010A   21274.82332872  .00000039  00000-0  00000-0 0  9998
2 47613   0.4564 281.5659 0002055 338.3515 225.7796  1.00268816  2594
SBIRS GEO-5 (USA 315)   
1 48618U 21042A   21275.48071972 -.00000297  00000-0  00000+0 0  9999
2 48618   7.7840 327.2187 0002459 219.6093 300.3129  1.00549930  1498
FENGYUN 4B              
1 48808U 21047A   21274.51993831 -.00000360  00000-0  00000-0 0  9997
2 48808   0.2009 109.2241 0000919  23.6914 188.4170  1.00265815  1327
SXM-8                   
1 48838U 21049A   21275.26004273 -.00000207  00000-0  00000+0 0  9997
2 48838   0.1121 103.8119 0001855 269.6425   6.1559  1.00270558  1391
TIANLIAN 1-05           
1 49011U 21063A   21274.71805642  .00000065  00000-0  00000-0 0  9997
2 49011   2.8166 286.0110 0003017 331.5477  22.2548  1.00268140   835
STAR ONE D2             
1 49055U 21069A   21275.16353702 -.00000269  00000-0  00000+0 0  9992
2 49055   0.0147 180.1304 0004370  51.2756 128.5795  1.00286798   675
EUTELSAT QUANTUM        
1 49056U 21069B   21275.08431687  .00000123  00000-0  00000+0 0  9991
2 49056   0.0103 193.6321 0002418  56.6777 198.7857  1.00271823   681
CHINASAT 2E (ZX 2E)     
1 49062U 21071A   21274.75470855 -.00000295  00000-0  00000-0 0  9996
2 49062   0.2029 266.1370 0001366  21.4091  92.9243  1.00273486   824
TJS-7                   
1 49115U 21077A   21274.88874231 -.00000234  00000-0  00000-0 0  9994
2 49115   0.9357 275.5295 0001223 293.3557 268.4431  1.00272785   575
CHINASAT 9B             
1 49125U 21080A   21275.52687983 -.00000316  00000-0  00000+0 0  9997
2 49125   0.0479 262.9544 0003983 275.5948 124.0219  1.00271655   408
