STARLETTE               
1 07646U 75010A   21274.87311391 -.00000149  00000-0 -39988-5 0  9993
2 07646  49.8244  50.8045 0205787 143.4004 218.1150 13.82309856356707
LAGEOS 1                
1 08820U 76039A   21275.02033152  .00000031  00000-0  00000+0 0  9999
2 08820 109.8540 310.4740 0045241 309.9265  58.0180  6.38664917803762
AJISAI (EGS)            
1 16908U 86061A   21275.48049611 -.00000104  00000-0 -48996-4 0  9992
2 16908  50.0115  32.2691 0011506 125.5372 343.6128 12.44494398266727
COSMOS 1989 (ETALON 1)  
1 19751U 89001C   21274.85664088  .00000065  00000-0  00000-0 0  9993
2 19751  64.2465 131.2805 0023361 212.0964 165.7120  2.13156390254723
COSMOS 2024 (ETALON 2)  
1 20026U 89039C   21275.49935233 -.00000067  00000-0  00000+0 0  9997
2 20026  65.5503   9.1275 0018432 219.2430 158.5555  2.13204303251852
LAGEOS 2                
1 22195U 92070B   21274.75828709 -.00000009  00000-0  00000-0 0  9999
2 22195  52.6483 273.3104 0137279 155.4670 349.9803  6.47294037684103
STELLA                  
1 22824U 93061B   21275.46305404 -.00000029  00000-0  71416-5 0  9996
2 22824  98.9788 284.6552 0006462 172.8329 359.1364 14.27385653459734
LARES                   
1 38077U 12006A   21275.19300264 -.00000005  00000-0  20601-3 0  9994
2 38077  69.4962 348.4388 0011232 231.5049 128.4962 12.54931326441506
