GOES 1 (SMS-C) [-]      
1 08366U 75100A   21274.62854796 -.00000021  00000-0  00000-0 0  9993
2 08366   8.8979 299.0259 0002438 268.8729 270.3995  1.00309514167823
GOES 2 [-]              
1 10061U 77048A   21275.53488728 -.00000288  00000-0  00000+0 0  9994
2 10061  10.4263 309.8714 0011832  12.5309  36.8366  0.99402319106436
GOES 3 [-]              
1 10953U 78062A   21274.72634214  .00000094  00000-0  00000-0 0  9999
2 10953  10.7291 314.1744 0001424 144.5709 225.7175  0.99358501111456
GOES 4 [-]              
1 11964U 80074A   21274.63103961  .00000061  00000-0  00000-0 0  9992
2 11964  11.6613 317.9762 0032124  65.3043  97.2803  0.99227704110370
GOES 5 [-]              
1 12472U 81049A   21275.29600854  .00000082  00000-0  00000+0 0  9998
2 12472  12.3906 329.0728 0001016 196.5423 174.0246  1.00301771105727
GOES 6 [-]              
1 14050U 83041A   21275.30133969  .00000030  00000-0  00000+0 0  9999
2 14050  12.8943 334.2882 0003543 143.7281 233.9512  1.00307104198829
GOES 7 [-]              
1 17561U 87022A   21275.30241522  .00000062  00000-0  00000+0 0  9992
2 17561  14.4528 350.7175 0005030  52.8266 309.5040  0.99893332109817
GOES 8 [-]              
1 23051U 94022A   21274.68330612 -.00000091  00000-0  00000-0 0  9994
2 23051  12.9553  26.0390 0004488  21.8907  44.6871  0.98906481107125
GOES 9 [-]              
1 23581U 95025A   21274.59258653 -.00000081  00000-0  00000-0 0  9999
2 23581  12.4448  26.2362 0006724 101.3048 296.3290  0.98800980 95772
GOES 10 [-]             
1 24786U 97019A   21274.77370160 -.00000145  00000-0  00000-0 0  9991
2 24786  11.1280  32.2254 0026532 195.0274 352.0303  0.99123181 89025
GOES 11 [-]             
1 26352U 00022A   21274.62013625  .00000068  00000-0  00000-0 0  9997
2 26352   8.1370  61.3280 0001729 140.5229 264.1663  0.99040937 35446
GOES 12 [-]             
1 26871U 01031A   21274.49459154  .00000084  00000-0  00000-0 0  9998
2 26871   9.0557  49.8255 0004566 303.3143 252.9727  0.99134825 73716
EWS-G1 (GOES 13) [+]    
1 29155U 06018A   21275.44601045  .00000033  00000-0  00000+0 0  9993
2 29155   0.1405 116.4185 0006962  96.7020  20.6118  1.00269267 56278
GOES 14 [B]             
1 35491U 09033A   21275.49975792 -.00000097  00000-0  00000+0 0  9992
2 35491   0.3516 281.0337 0015611 293.0834 233.0251  1.00271869 44925
GOES 15 [B]             
1 36411U 10008A   21275.50506532  .00000050  00000-0  00000+0 0  9991
2 36411   0.3812 275.7196 0000842 238.2854 271.5392  1.00261576 42434
GOES 16 [+]             
1 41866U 16071A   21275.46973140 -.00000251  00000-0  00000+0 0  9999
2 41866   0.1056  83.2685 0000941 155.0498 227.0134  1.00271477 17878
GOES 17 [+]             
1 43226U 18022A   21274.68857669  .00000095  00000-0  00000-0 0  9995
2 43226   0.0583 294.7100 0000084 250.6869 295.9318  1.00267918 13179
