GORIZONT 1 [-]          
1 11158U 78118A   21273.29712486 -.00000011  00000-0  00000-0 0  9998
2 11158  11.2900 216.1983 3539169 266.5589  53.2200  1.00241994105680
GORIZONT 2 [-]          
1 11440U 79062A   21274.59771609 -.00000214  00000-0  00000-0 0  9992
2 11440   9.8841 304.8982 0003156 266.2374 102.1446  1.00252328120780
GORIZONT 3 [-]          
1 11648U 79105A   21274.63168221 -.00000008  00000-0  00000-0 0  9996
2 11648  10.0339 306.2648 0013090 206.0332 152.4178  1.00198622105234
GORIZONT 4 [-]          
1 11841U 80049A   21274.72730154  .00000025  00000-0  00000-0 0  9998
2 11841  11.1627 311.7305 0000605 316.3488  61.7206  0.98627891216561
GORIZONT 5 [-]          
1 13092U 82020A   21274.68962331  .00000001  00000-0  00000-0 0  9992
2 13092  12.1149 316.8888 0033586 203.8588 326.0881  0.98531110104658
GORIZONT 6 [-]          
1 13624U 82103A   21274.62333751 -.00000091  00000-0  00000-0 0  9997
2 13624  11.0208 316.8616 0001998 177.2132 356.4682  1.00163885103708
GORIZONT 7 [-]          
1 14160U 83066A   21274.79585500 -.00000043  00000-0  00000-0 0  9998
2 14160  12.6088 325.8609 0009650 311.0850  61.1952  0.98347433137848
GORIZONT 8 [-]          
1 14532U 83118A   21274.79123243 -.00000133  00000-0  00000-0 0  9991
2 14532  12.7629 327.6522 0029480 140.3134 205.0277  0.98270765103607
GORIZONT 9 [-]          
1 14940U 84041A   21274.99554064 -.00000099  00000-0  00000+0 0  9991
2 14940  11.9639 325.7987 0003851 203.7677 273.8284  1.00322372104783
GORIZONT 10 [-]         
1 15144U 84078A   21274.39843729 -.00000289  00000-0  00000-0 0  9993
2 15144  12.0477 326.8010 0000849  64.2470  74.4701  1.00218006137330
GORIZONT 11 [-]         
1 15484U 85007A   21275.15362406 -.00000027  00000-0  00000+0 0  9995
2 15484  12.2031 328.7350 0003544 131.3447 324.5016  1.00295382135381
GORIZONT 12 [-]         
1 16769U 86044A   21274.62479626 -.00000323  00000-0  00000-0 0  9998
2 16769  12.7639 334.0039 0000811 224.2176 138.3183  1.00320530130022
GORIZONT 13 [-]         
1 17083U 86090A   21275.36767427 -.00000128  00000-0  00000+0 0  9992
2 17083  14.5611 340.9496 0013823 334.6389  22.0868  0.96726741102042
GORIZONT 14 [-]         
1 17969U 87040A   21275.25005453 -.00000046  00000-0  00000+0 0  9992
2 17969  13.6156 332.5462 0031025 165.2956 221.5537  0.97657836103062
GORIZONT 15 [-]         
1 19017U 88028A   21275.39952316 -.00000153  00000-0  00000+0 0  9998
2 19017  14.8031 343.8744 0036205 147.0446 213.3610  0.97829725102673
GORIZONT 16 [-]         
1 19397U 88071A   21275.19173840 -.00000164  00000-0  00000+0 0  9994
2 19397  13.6628 342.5870 0014577  52.6313 316.7603  0.99967451121044
GORIZONT 17 [-]         
1 19765U 89004A   21274.54285487 -.00000295  00000-0  00000-0 0  9995
2 19765  14.1661 345.8614 0023016 122.4610 239.5595  0.99068787118549
GORIZONT 18 [-]         
1 20107U 89052A   21274.59076956 -.00000314  00000-0  00000-0 0  9996
2 20107  14.1894 347.1364 0034169 311.6410  52.9290  0.99402775117320
GORIZONT 19 [-]         
1 20263U 89081A   21274.76482071  .00000015  00000-0  00000-0 0  9996
2 20263  13.9242 346.3703 0002344 195.0504 168.2695  1.00193559 30103
GORIZONT 20 [-]         
1 20659U 90054A   21274.79873319  .00000057  00000-0  00000-0 0  9995
2 20659  14.3223 349.2265 0005874 152.0119 212.5220  1.00295573114454
GORIZONT 21 [-]         
1 20923U 90094A   21274.47062715  .00000032  00000-0  00000-0 0  9991
2 20923  14.3212 350.0116 0003596 187.9756 181.5275  1.00291435113204
GORIZONT 22 [-]         
1 20953U 90102A   21274.89419351  .00000059  00000-0  00000+0 0  9990
2 20953  14.2785 350.3533 0003803  13.7999  21.7705  1.00380867113169
GORIZONT 23 [-]         
1 21533U 91046A   21274.55114073 -.00000282  00000-0  00000-0 0  9999
2 21533  14.9773 354.4238 0003612 318.7874  46.2861  0.98911357 29681
GORIZONT 24 [-]         
1 21759U 91074A   21274.79995425  .00000006  00000-0  00000-0 0  9997
2 21759  15.1026 356.2735 0016639 217.2838 146.5486  0.98441757108039
GORIZONT 25 [-]         
1 21922U 92017A   21274.53158400 -.00000242  00000-0  00000-0 0  9996
2 21922  14.6523 355.6791 0029408  71.8318 289.9116  0.99860269107773
GORIZONT 26 [-]         
1 22041U 92043A   21274.42341051 -.00000086  00000-0  00000+0 0  9997
2 22041  14.7921 357.6196 0029863 226.5005 313.6236  0.99245233106424
GORIZONT 27 [-]         
1 22245U 92082A   21274.56731394 -.00000059  00000-0  00000-0 0  9995
2 22245  14.7147 357.3220 0012724   2.5775  23.9883  1.00225492109890
GORIZONT 28 [-]         
1 22880U 93069A   21275.40031597  .00000057  00000-0  00000+0 0  9994
2 22880  14.7920   1.0868 0034239 122.4400 269.4945  0.99648765102019
GORIZONT 29 [-]         
1 22907U 93072A   21274.80488362 -.00000144  00000-0  00000-0 0  9996
2 22907  14.7123   0.5964 0010366 340.8435 119.6449  1.00170050101951
GORIZONT 30 [-]         
1 23108U 94030A   21274.88925716  .00000037  00000-0  00000+0 0  9991
2 23108  14.7121   1.5232 0001195 138.7071 246.7308  1.00386435100256
GORIZONT 31 [-]         
1 23775U 96005A   21275.02688368 -.00000233  00000-0  00000+0 0  9990
2 23775  14.5202   7.6170 0017381 192.3022 158.0424  0.99899389 93875
GORIZONT 32 [-]         
1 23880U 96034A   21274.21452605 -.00000182  00000-0  00000-0 0  9996
2 23880  14.4610   8.1592 0009518 348.9031  70.1770  1.00207538 92802
GORIZONT 33 [-]         
1 26372U 00029A   21274.60412521  .00000082  00000-0  00000-0 0  9998
2 26372  12.9957  19.0767 0004274  63.9353   4.3349  1.00368041 78181
