INTELSAT 26 (IS-26)     
1 24732U 97007A   21274.94441900 -.00000014  00000-0  00000+0 0  9993
2 24732   9.7012  40.2106 0002746 135.9114 240.8932  1.00272558 90046
GALAXY 25 (G-25)        
1 24812U 97026A   21275.15662069  .00000094  00000-0  00000+0 0  9995
2 24812   3.0511  86.1601 0003758 124.7057 266.8841  1.00403714 89136
INTELSAT 5 (IS-5)       
1 24916U 97046A   21274.61279670  .00000091  00000-0  00000-0 0  9992
2 24916   6.6787  62.7515 0003078 141.9681 249.4479  1.00271644 88383
GALAXY 11 (G-11)        
1 26038U 99071A   21274.62560519 -.00000164  00000-0  00000-0 0  9997
2 26038   2.3672  90.8267 0000871 312.3609  99.5339  1.00272013 79845
INTELSAT 9 (IS-9)       
1 26451U 00043A   21275.43692260 -.00000285  00000-0  00000+0 0  9999
2 26451   6.6660  62.9241 0002837 143.6768 272.0928  1.00270445 77617
INTELSAT 12 (IS-12)     
1 26590U 00068A   21274.66305347  .00000012  00000-0  00000-0 0  9999
2 26590   4.0433  82.0066 0002441  91.5249 140.0493  1.00272414 34460
INTELSAT 1R (IS-1R)     
1 26608U 00072A   21274.81905503 -.00000138  00000-0  00000-0 0  9991
2 26608   3.8123  82.9874 0000785 225.3073 154.4348  1.00272042 24082
INTELSAT 10 (IS-10)     
1 26766U 01019A   21274.75137375  .00000036  00000-0  00000-0 0  9991
2 26766   4.9661  75.4701 0003214 138.3869 245.1585  1.00271135 28388
INTELSAT 901 (IS-901)   
1 26824U 01024A   21275.28465689 -.00000205  00000-0  00000+0 0  9991
2 26824   0.0158 140.5052 0000903  61.9226 243.8059  1.00271666 74352
INTELSAT 902 (IS-902)   
1 26900U 01039A   21275.28110326 -.00000284  00000-0  00000+0 0  9994
2 26900   1.7581  91.7610 0003069 103.5061 227.0714  1.00271383 73535
INTELSAT 904 (IS-904)   
1 27380U 02007A   21275.28430802 -.00000215  00000-0  00000+0 0  9991
2 27380   2.5915  88.5996 0002852 106.7186 248.7674  1.00270484 71850
DIRECTV 5 (TEMPO 1)     
1 27426U 02023A   21274.63540433 -.00000058  00000-0  00000-0 0  9996
2 27426   0.4744  96.0509 0003388 104.0617 289.1145  1.00272279 70885
INTELSAT 905 (IS-905)   
1 27438U 02027A   21275.08730095 -.00000185  00000-0  00000+0 0  9998
2 27438   2.4126  89.3861 0002491 103.3481 185.2581  1.00271926 70737
GALAXY 3C (G-3C)        
1 27445U 02030A   21274.98410324 -.00000151  00000-0  00000+0 0  9991
2 27445   0.0296 279.2339 0001456  15.4194 335.5020  1.00252256 70712
INTELSAT 906 (IS-906)   
1 27513U 02041A   21275.15941167  .00000013  00000-0  00000+0 0  9999
2 27513   1.4241  93.4392 0003274 103.0296 296.1769  1.00272183 69738
GALAXY 12 (G-12)        
1 27715U 03013B   21274.69023383  .00000057  00000-0  00000-0 0  9991
2 27715   2.6249  88.1542 0001842 113.0413 288.9448  1.00271518 34851
GALAXY 23 (G-23)        
1 27854U 03034A   21274.62733359  .00000011  00000-0  00000-0 0  9992
2 27854   0.0391 254.8158 0002971 292.9727 287.6458  1.00271506 66500
GALAXY 13 (HORIZONS 1)  
1 27954U 03044A   21275.50587536  .00000046  00000-0  00000+0 0  9993
2 27954   0.0195 139.0499 0003332  43.6050 243.9003  1.00268867 65929
INTELSAT 10-02          
1 28358U 04022A   21275.03521385 -.00000013  00000-0  00000+0 0  9992
2 28358   0.0120 132.2767 0001133  78.1569 172.2423  1.00271649 63384
XM-3 (RHYTHM)           
1 28626U 05008A   21275.39487369 -.00000208  00000-0  00000+0 0  9993
2 28626   0.0089 221.9030 0000913 221.8301 344.6705  1.00269581 60838
DIRECTV 8               
1 28659U 05019A   21275.50687222 -.00000002  00000-0  00000+0 0  9996
2 28659   0.0157 216.0919 0003019 341.7975 236.9972  1.00272199 59959
GALAXY 28 (G-28)        
1 28702U 05022A   21275.48023837 -.00000188  00000-0  00000+0 0  9997
2 28702   0.0201 194.8017 0000723 333.3554 287.1527  1.00270157 59595
GALAXY 14 (G-14)        
1 28790U 05030A   21275.22491248  .00000153  00000-0  00000+0 0  9991
2 28790   0.6107  94.4969 0002735 112.5021 278.0523  1.00272660 59063
GALAXY 15 (G-15)        
1 28884U 05041A   21274.68944887  .00000077  00000-0  00000-0 0  9994
2 28884   0.0243 107.1639 0001848  84.7835 293.8981  1.00271544 58371
SPACEWAY 2              
1 28903U 05046B   21274.76000834  .00000102  00000-0  00000-0 0  9994
2 28903   1.2981  90.2970 0000486 125.1195 290.0068  1.00272178 34105
GALAXY 16 (G-16)        
1 29236U 06023A   21275.50355201 -.00000130  00000-0  00000+0 0  9995
2 29236   0.0189 188.3407 0002689   9.1844 256.2067  1.00271424 56037
DIRECTV 9S              
1 29494U 06043A   21274.64330468 -.00000115  00000-0  00000-0 0  9999
2 29494   0.0249 229.7721 0002935 323.0938 308.1294  1.00270808 34147
XM-4 (BLUES)            
1 29520U 06049A   21275.49254493 -.00000024  00000-0  00000+0 0  9990
2 29520   0.0456 287.0096 0000645  46.5533  99.9669  1.00260872 54764
GALAXY 17 (G-17)        
1 31307U 07016B   21275.50928152 -.00000177  00000-0  00000+0 0  9992
2 31307   0.0187 230.7845 0003151 329.5012 263.5250  1.00272176 52841
DIRECTV 10              
1 31862U 07032A   21275.50069517 -.00000106  00000-0  00000+0 0  9999
2 31862   0.0066 298.8412 0000106 241.6325 268.4405  1.00271379 52172
SPACEWAY 3              
1 32018U 07036A   21275.50643282 -.00000154  00000-0  00000+0 0  9997
2 32018   0.0092   4.4168 0000288 351.6775 102.7199  1.00265831 51890
INTELSAT 11 (IS-11)     
1 32253U 07044B   21274.99910597 -.00000271  00000-0  00000+0 0  9995
2 32253   0.0245 181.5988 0001662  15.8486 130.1959  1.00269455 51292
HORIZONS 2              
1 32388U 07063B   21275.01994990 -.00000184  00000-0  00000+0 0  9991
2 32388   0.0179 188.3653 0002415  18.9915 255.6362  1.00268620 50641
DIRECTV 11              
1 32729U 08013A   21275.50355215 -.00000127  00000-0  00000+0 0  9998
2 32729   0.0224   9.4984 0000472 353.1921  90.8597  1.00262740 49704
GALAXY 18 (G-18)        
1 32951U 08024A   21274.62512814  .00000023  00000-0  00000-0 0  9994
2 32951   0.0124 239.6245 0002919 309.7036 283.2961  1.00272558 28617
INTELSAT 25 (IS-25)     
1 33153U 08034A   21274.78146400 -.00000226  00000-0  00000-0 0  9997
2 33153   0.0189 227.3437 0002791 321.3302  71.8951  1.00272916 48456
GALAXY 19 (G-19)        
1 33376U 08045A   21275.50547174 -.00000142  00000-0  00000+0 0  9996
2 33376   0.0159 156.8752 0002937  35.5901 263.9726  1.00271852 47605
FM-5                    
1 35493U 09034A   21275.46293789 -.00000203  00000-0  00000+0 0  9990
2 35493   0.0367 306.0060 0000988  76.9290  68.9998  1.00270788 44746
INTELSAT 14 (IS-14)     
1 36097U 09064A   21274.77876024 -.00000276  00000-0  00000-0 0  9997
2 36097   0.0131 239.1779 0002473 319.8728  47.0520  1.00273034 43379
INTELSAT 15 (IS-15)     
1 36106U 09067A   21274.80188309 -.00000188  00000-0  00000-0 0  9999
2 36106   0.0181 165.5249 0002194  22.6161 196.4434  1.00269293 23989
DIRECTV 12              
1 36131U 09075A   21275.50069532 -.00000106  00000-0  00000+0 0  9999
2 36131   0.0148 189.9067 0000030 339.6939 279.3616  1.00269452 43150
INTELSAT 16 (IS-16)     
1 36397U 10006A   21274.98785362 -.00000247  00000-0  00000+0 0  9992
2 36397   0.0208 168.4832 0001974  24.1678  97.7123  1.00269183 42477
XM-5                    
1 37185U 10053A   21275.39487318 -.00000208  00000-0  00000+0 0  9993
2 37185   0.0173 220.0928 0000507  34.0753 174.2423  1.00272438 40211
INTELSAT 17 (IS-17)     
1 37238U 10065B   21275.44688264 -.00000004  00000-0  00000+0 0  9998
2 37238   0.0209 163.9537 0003179  44.8032  29.5037  1.00270716 39687
INTELSAT NEW DAWN       
1 37392U 11016A   21275.08104887  .00000153  00000-0  00000+0 0  9994
2 37392   0.0149 172.8468 0001327  14.8747 245.3055  1.00273111 38281
INTELSAT 18 (IS-18)     
1 37834U 11056A   21275.45463182  .00000050  00000-0  00000+0 0  9992
2 37834   0.0410  26.8949 0001816 166.7310 161.4476  1.00271087 36600
INTELSAT 22 (IS-22)     
1 38098U 12011A   21274.73452167 -.00000062  00000-0  00000-0 0  9993
2 38098   0.0146 227.2589 0003045 329.3650 150.5957  1.00271719 34575
INTELSAT 19 (IS-19)     
1 38356U 12030A   21274.82079939 -.00000059  00000-0  00000-0 0  9999
2 38356   0.0169 157.8906 0003210  40.5666 273.8229  1.00271415 33204
INTELSAT 20 (IS-20)     
1 38740U 12043A   21275.44740594 -.00000027  00000-0  00000+0 0  9995
2 38740   0.0121 169.3050 0002245  13.0192  58.6359  1.00272383 33593
INTELSAT 21 (IS-21)     
1 38749U 12045A   21275.04702032 -.00000287  00000-0  00000+0 0  9995
2 38749   0.0159 232.5583 0002561 325.6970 131.6833  1.00272823 33402
INTELSAT 23 (IS-23)     
1 38867U 12057A   21275.48298285 -.00000287  00000-0  00000+0 0  9997
2 38867   0.0170 225.5667 0001778 324.6000 302.1474  1.00271482 32879
FM-6                    
1 39360U 13058A   21275.50914032 -.00000020  00000-0  00000+0 0  9991
2 39360   0.0435 270.1720 0000604 159.8740   8.5439  1.00270100 29111
INTELSAT 30 (IS-30)     
1 40271U 14062A   21274.98410324 -.00000154  00000-0  00000+0 0  9994
2 40271   0.0115 247.8448 0002038 184.3682 197.9553  1.00272591 25525
DIRECTV 14              
1 40333U 14078B   21275.50355209 -.00000126  00000-0  00000+0 0  9998
2 40333   0.0209 132.2279 0001061 246.1758  75.0821  1.00258776 25010
DIRECTV 15              
1 40663U 15026A   21275.50069531 -.00000103  00000-0  00000+0 0  9993
2 40663   0.0139 144.2737 0001438 222.9786  81.5856  1.00255134 23306
SKY MEXICO-1            
1 40664U 15026B   21275.46719432 -.00000237  00000-0  00000+0 0  9999
2 40664   0.0214 164.3102 0001982  26.4799 270.0349  1.00269542 23305
INTELSAT 34 (IS-34)     
1 40874U 15039A   21275.06993752 -.00000288  00000-0  00000+0 0  9997
2 40874   0.0383 281.9016 0000855  92.1296 326.6770  1.00271831 22382
INTELSAT 31 (IS-31)     
1 41581U 16035A   21274.12279263 -.00000153  00000-0  00000-0 0  9992
2 41581   0.0104 200.1238 0001769   8.6807 110.4339  1.00270286 19359
INTELSAT 36 (IS-36)     
1 41747U 16053A   21275.08850333 -.00000027  00000-0  00000+0 0  9994
2 41747   0.0147 197.4908 0002685 180.0212  93.8736  1.00269880 18728
INTELSAT 33E (IS-33E)   
1 41748U 16053B   21274.79969260  .00000046  00000-0  00000-0 0  9993
2 41748   0.0417   3.0132 0002050 195.9711 159.6662  1.00273031 19009
INTELSAT 32E (IS-32E)   
1 41945U 17007B   21275.46577071 -.00000272  00000-0  00000+0 0  9993
2 41945   0.0248 182.3082 0000229 266.6926  46.8990  1.00269665 17013
INTELSAT 35E (IS-35E)   
1 42818U 17041A   21275.06791985 -.00000241  00000-0  00000+0 0  9995
2 42818   0.0122 197.8619 0001756 358.4776 164.6484  1.00270870 15576
INTELSAT 37E (IS-37E)   
1 42950U 17059A   21274.78416778 -.00000143  00000-0  00000-0 0  9995
2 42950   0.0182 180.7898 0002882  19.2807  74.9827  1.00272565 14821
AZERSPACE 2 (IS-38)     
1 43632U 18074A   21274.79672719  .00000134  00000-0  00000-0 0  9990
2 43632   0.0239 182.7671 0001414  22.6664 137.2459  1.00268920 11227
HORIZONS 3E             
1 43633U 18074B   21275.44607118 -.00000033  00000-0  00000+0 0  9993
2 43633   0.0183   8.9527 0001078 275.7301  56.3179  1.00272532 11088
AT&T T-16               
1 44333U 19034A   21275.50264170 -.00000117  00000-0  00000+0 0  9995
2 44333   0.0186 224.9825 0001023 146.3961  80.1713  1.00261479  8392
INTELSAT 39 (IS-39)     
1 44476U 19049B   21274.90440799  .00000030  00000-0  00000-0 0  9999
2 44476   0.0188 225.0258 0000766 147.1753  26.1969  1.00271387  7914
GALAXY 30               
1 46114U 20056C   21275.17007743  .00000034  00000-0  00000+0 0  9991
2 46114   0.0189 213.4129 0002758 345.6854 108.2581  1.00272727  4169
