IRIDIUM 106             
1 41917U 17003A   21275.48757572  .00000052  00000-0  11546-4 0  9993
2 41917  86.3920  86.7503 0002195  98.2475 261.8970 14.34219524246867
IRIDIUM 103             
1 41918U 17003B   21274.84694935  .00000058  00000-0  13740-4 0  9990
2 41918  86.3919  86.9238 0001720  90.2266 269.9127 14.34218684246797
IRIDIUM 109             
1 41919U 17003C   21274.85329721 -.00000027  00000-0 -16533-4 0  9991
2 41919  86.3923  86.9522 0001846  91.4889 268.6519 14.34216477246768
IRIDIUM 102             
1 41920U 17003D   21274.89135324  .00000017  00000-0 -92060-6 0  9990
2 41920  86.3923  86.8969 0001921  82.8259 277.3155 14.34216011246850
IRIDIUM 105             
1 41921U 17003E   21275.49007167  .00000119  00000-0  35349-4 0  9998
2 41921  86.3972  55.0318 0002153 107.1690 252.9741 14.34216951248797
IRIDIUM 104             
1 41922U 17003F   21274.90403873 -.00000155  00000-0 -62326-4 0  9995
2 41922  86.3923  86.9079 0001918  98.8191 261.3222 14.34215440246845
IRIDIUM 114             
1 41923U 17003G   21275.46852954  .00000054  00000-0  12199-4 0  9995
2 41923  86.3920  86.6600 0002384  89.8624 270.2845 14.34218702246922
IRIDIUM 108             
1 41924U 17003H   21274.86891533  .00000131  00000-0  39598-4 0  9993
2 41924  86.3965  55.2814 0002271 100.5808 259.5644 14.34216785248671
IRIDIUM 112             
1 41925U 17003J   21275.45583877  .00000043  00000-0  84042-5 0  9996
2 41925  86.3917  86.5881 0002344  83.6453 276.5009 14.34216230246956
IRIDIUM 111             
1 41926U 17003K   21274.88501293  .00000056  00000-0  12931-4 0  9996
2 41926  86.3918  86.8603 0001777  92.1172 268.0228 14.34218684246825
IRIDIUM 113             
1 42803U 17039A   21274.86498733  .00000113  00000-0  33252-4 0  9995
2 42803  86.3970 320.5927 0001938  99.1185 261.0231 14.34219023224758
IRIDIUM 123             
1 42804U 17039B   21274.83670024  .00000096  00000-0  27272-4 0  9993
2 42804  86.4021 352.1521 0002000  91.4761 268.6664 14.34216977223515
IRIDIUM 120             
1 42805U 17039C   21274.85865492  .00000111  00000-0  32414-4 0  9993
2 42805  86.3959 320.6007 0001914 101.7746 258.3665 14.34216818224742
IRIDIUM 115             
1 42806U 17039D   21275.40706835  .00000126  00000-0  31493-4 0  9993
2 42806  86.4497 320.2416 0001323  25.4019 334.7247 14.43283525226353
IRIDIUM 118             
1 42807U 17039E   21274.72887959  .00000104  00000-0  30004-4 0  9998
2 42807  86.4021 352.2024 0002202  87.1013 273.0435 14.34216392223497
IRIDIUM 117             
1 42808U 17039F   21274.74790904  .00000102  00000-0  29364-4 0  9999
2 42808  86.4020 352.1672 0002106 105.0590 255.0839 14.34217937223526
IRIDIUM 126             
1 42809U 17039G   21274.70350649  .00000141  00000-0  43272-4 0  9991
2 42809  86.4022 352.2099 0002042  95.6398 264.5031 14.34216134223495
IRIDIUM 124             
1 42810U 17039H   21274.78622907  .00000101  00000-0  24065-4 0  9995
2 42810  86.4442 288.9040 0002491  96.1220 264.0265 14.43276230227112
IRIDIUM 128             
1 42811U 17039J   21274.83378466  .00000120  00000-0  35755-4 0  9999
2 42811  86.4020  23.6752 0001549 100.6041 259.5329 14.34216710223544
IRIDIUM 121             
1 42812U 17039K   21274.72253917  .00000105  00000-0  30475-4 0  9998
2 42812  86.4022 352.2199 0001997  93.6913 266.4511 14.34217376223379
IRIDIUM 133             
1 42955U 17061A   21274.86549547  .00000107  00000-0  31270-4 0  9999
2 42955  86.4022  23.7385 0001761  96.1420 263.9976 14.34219369208345
IRIDIUM 100             
1 42956U 17061B   21274.85915561  .00000111  00000-0  32472-4 0  9992
2 42956  86.4021  23.7008 0002122  96.9197 263.2240 14.34217209208346
IRIDIUM 122             
1 42957U 17061C   21275.03674086  .00000104  00000-0  30094-4 0  9998
2 42957  86.4020  23.6231 0001630  99.9635 260.1745 14.34219668208376
IRIDIUM 129             
1 42958U 17061D   21275.41095392  .00000082  00000-0  22231-4 0  9997
2 42958  86.4022  23.5152 0001730  95.8873 264.2520 14.34215296208447
IRIDIUM 119             
1 42959U 17061E   21274.82109261  .00000109  00000-0  31826-4 0  9993
2 42959  86.4022  23.7487 0001794  92.9940 267.1461 14.34220034208378
IRIDIUM 107             
1 42960U 17061F   21275.04942868  .00000120  00000-0  35966-4 0  9990
2 42960  86.4022  23.6639 0002026  97.5360 262.6066 14.34215876208429
IRIDIUM 132             
1 42961U 17061G   21274.84647004  .00000108  00000-0  31587-4 0  9993
2 42961  86.4022  23.7382 0002046 103.8286 256.3138 14.34218086208387
IRIDIUM 136             
1 42962U 17061H   21275.01771428  .00000176  00000-0  55856-4 0  9992
2 42962  86.4022  23.6672 0001813  89.9069 270.2334 14.34220553208423
IRIDIUM 139             
1 42963U 17061J   21275.02405899  .00000101  00000-0  28970-4 0  9995
2 42963  86.4023  23.6991 0001940  99.6327 260.5088 14.34219684208437
IRIDIUM 125             
1 42964U 17061K   21274.80207621  .00000109  00000-0  31725-4 0  9994
2 42964  86.4025  23.8216 0002006  99.5157 260.6266 14.34217719208410
IRIDIUM 135             
1 43070U 17083A   21274.84596712  .00000107  00000-0  31266-4 0  9991
2 43070  86.3964 320.5507 0002613  94.1848 265.9646 14.34218039197718
IRIDIUM 138             
1 43071U 17083B   21274.87133878  .00000107  00000-0  31011-4 0  9993
2 43071  86.3953 320.3809 0002010  93.7056 266.4369 14.34217011197703
IRIDIUM 116             
1 43072U 17083C   21274.83962399  .00000108  00000-0  31590-4 0  9991
2 43072  86.3963 320.5595 0002349  86.5782 273.5682 14.34218009197738
IRIDIUM 130             
1 43073U 17083D   21274.87768260  .00000108  00000-0  31498-4 0  9994
2 43073  86.3972 320.6505 0002012  90.4081 269.7345 14.34216997197685
IRIDIUM 151             
1 43074U 17083E   21275.41045875  .00000108  00000-0  31346-4 0  9998
2 43074  86.3964 320.3391 0002288  85.0027 275.1430 14.34217080197783
IRIDIUM 134             
1 43075U 17083F   21274.89037040  .00000106  00000-0  30863-4 0  9996
2 43075  86.3966 320.5404 0002235 100.7508 259.3940 14.34216122197678
IRIDIUM 137             
1 43076U 17083G   21274.83327775  .00000110  00000-0  32312-4 0  9994
2 43076  86.3968 320.6254 0002310  84.9061 275.2398 14.34218476197731
IRIDIUM 141             
1 43077U 17083H   21274.82693826  .00000111  00000-0  32576-4 0  9990
2 43077  86.3963 320.5535 0002029  88.6692 271.4736 14.34218458197730
IRIDIUM 153             
1 43078U 17083J   21275.47678986  .00000114  00000-0  33646-4 0  9995
2 43078  86.3918 288.6827 0001475  86.7247 273.4117 14.34219206198938
IRIDIUM 131             
1 43079U 17083K   21274.88401763  .00000109  00000-0  31781-4 0  9999
2 43079  86.3969 320.6007 0001981  94.0628 266.0794 14.34219256197673
IRIDIUM 144             
1 43249U 18030A   21275.48314180  .00000093  00000-0  26300-4 0  9997
2 43249  86.3915 288.6581 0002374  99.6624 260.4840 14.34218023183819
IRIDIUM 149             
1 43250U 18030B   21275.41971281  .00000130  00000-0  39424-4 0  9996
2 43250  86.3915 288.6701 0002522  97.2605 262.8877 14.34215973183809
IRIDIUM 157             
1 43251U 18030C   21275.43874102  .00000070  00000-0  17906-4 0  9997
2 43251  86.3916 288.6773 0002081  82.5162 277.6271 14.34215941183789
IRIDIUM 140             
1 43252U 18030D   21275.45777319  .00000100  00000-0  28672-4 0  9998
2 43252  86.3917 288.6838 0002644 107.6182 252.5303 14.34219165183846
IRIDIUM 145             
1 43253U 18030E   21275.44508601  .00000094  00000-0  26377-4 0  9996
2 43253  86.3916 288.6672 0003412  95.6291 264.5294 14.34218155183775
IRIDIUM 146             
1 43254U 18030F   21274.79813987  .00000066  00000-0  16609-4 0  9996
2 43254  86.3916 288.9545 0002583  91.0879 269.0613 14.34215439183696
IRIDIUM 148             
1 43255U 18030G   21275.46411227  .00000067  00000-0  17002-4 0  9992
2 43255  86.3917 288.6941 0002361  84.0718 276.0746 14.34215813183830
IRIDIUM 142             
1 43256U 18030H   21275.43239931  .00000048  00000-0  10186-4 0  9995
2 43256  86.3913 288.6594 0002321  90.4175 269.7287 14.34215912183788
IRIDIUM 150             
1 43257U 18030J   21275.05185427  .00000099  00000-0  28137-4 0  9995
2 43257  86.3917 288.8796 0002281  95.9052 264.2403 14.34218911183779
IRIDIUM 143             
1 43258U 18030K   21275.45143291  .00000094  00000-0  26641-4 0  9996
2 43258  86.3920 288.7345 0002715  94.0689 266.0817 14.34216781183773
IRIDIUM 161             
1 43478U 18047C   21274.76422508  .00000068  00000-0  14302-4 0  9994
2 43478  86.4441  87.0573 0001791  95.1219 265.0187 14.43279983177138
IRIDIUM 152             
1 43479U 18047D   21275.49390140  .00000053  00000-0  11985-4 0  9990
2 43479  86.3916  86.6192 0002337  85.9902 274.1560 14.34215895176159
IRIDIUM 147             
1 43480U 18047E   21275.01185819  .00000038  00000-0  63821-5 0  9995
2 43480  86.3916  86.7963 0001905  83.4778 276.6635 14.34216226176072
IRIDIUM 110             
1 43481U 18047F   21275.50658614  .00000045  00000-0  90592-5 0  9991
2 43481  86.3918  86.6356 0002048  98.4009 261.7419 14.34216129176136
IRIDIUM 162             
1 43482U 18047G   21274.75791888  .00000060  00000-0  11942-4 0  9997
2 43482  86.4440  86.9740 0002185  98.3874 261.7575 14.43279145177129
IRIDIUM 160             
1 43569U 18061A   21275.45242403  .00000111  00000-0  32560-4 0  9997
2 43569  86.3968  55.0170 0002123  84.7914 275.3524 14.34218435167027
IRIDIUM 166             
1 43570U 18061B   21275.47780569  .00000204  00000-0  65767-4 0  9999
2 43570  86.3968  54.9808 0002263  98.2091 261.9362 14.34215639167053
IRIDIUM 158             
1 43571U 18061C   21275.44609288  .00000113  00000-0  33158-4 0  9993
2 43571  86.3967  55.0019 0002347  91.0941 269.0523 14.34218968167020
IRIDIUM 165             
1 43572U 18061D   21274.91331056  .00000121  00000-0  36178-4 0  9994
2 43572  86.3967  55.2392 0002360  92.7152 267.4314 14.34216501166967
IRIDIUM 155             
1 43573U 18061E   21274.87526512  .00000125  00000-0  37561-4 0  9994
2 43573  86.3963  55.2069 0001858 105.2739 254.8662 14.34218895166927
IRIDIUM 154             
1 43574U 18061F   21275.48414752  .00000114  00000-0  33690-4 0  9992
2 43574  86.3969  55.0039 0002106  85.6531 274.4905 14.34218995167062
IRIDIUM 163             
1 43575U 18061G   21274.90695673  .00000122  00000-0  36335-4 0  9990
2 43575  86.3965  55.2130 0002586  93.1086 267.0406 14.34218548166959
IRIDIUM 156             
1 43576U 18061H   21275.43973975  .00000064  00000-0  15625-4 0  9998
2 43576  86.3965  54.9953 0002285 100.3038 259.8415 14.34214797167012
IRIDIUM 164             
1 43577U 18061J   21274.86257794  .00000122  00000-0  36354-4 0  9996
2 43577  86.3967  55.2510 0002228  87.5548 272.5903 14.34218639166985
IRIDIUM 159             
1 43578U 18061K   21274.90063893  .00000125  00000-0  37419-4 0  9993
2 43578  86.3965  55.2078 0002130  87.7299 272.4141 14.34220175166958
IRIDIUM 180             
1 43922U 19002A   21274.83035211  .00000102  00000-0  29391-4 0  9992
2 43922  86.4020 352.1292 0002740  76.4447 283.7054 14.34219607142554
IRIDIUM 176             
1 43923U 19002B   21275.45955126  .00000253  00000-0  36229-4 0  9993
2 43923  86.6153 351.9008 0002357  93.6768 266.4719 14.72261219146375
IRIDIUM 168             
1 43924U 19002C   21274.75425335  .00000100  00000-0  28470-4 0  9990
2 43924  86.4022 352.1897 0002210  87.3256 272.8193 14.34217633142527
IRIDIUM 173             
1 43925U 19002D   21274.74156938  .00000099  00000-0  28160-4 0  9993
2 43925  86.4019 352.1539 0002275  89.6775 270.4681 14.34217779142504
IRIDIUM 169             
1 43926U 19002E   21275.39005559  .00000116  00000-0  31319-4 0  9998
2 43926  86.4279  23.4571 0003343 219.5479 140.5476 14.38608433143111
IRIDIUM 172             
1 43927U 19002F   21275.29336555  .00000098  00000-0  27861-4 0  9997
2 43927  86.4019 351.9262 0002301  87.3225 272.8234 14.34219047142590
IRIDIUM 175             
1 43928U 19002G   21274.70576229  .00000288  00000-0  41814-4 0  9992
2 43928  86.6156 352.0386 0002904  90.7207 269.4343 14.72257934146250
IRIDIUM 171             
1 43929U 19002H   21274.92550718  .00000097  00000-0  27579-4 0  9992
2 43929  86.4030 352.1951 0002193  87.6708 272.4739 14.34216669142538
IRIDIUM 170             
1 43930U 19002J   21274.78609816  .00000280  00000-0  40418-4 0  9993
2 43930  86.6153 352.1881 0002393  89.2324 270.9167 14.72256105146289
IRIDIUM 167             
1 43931U 19002K   21274.77961085  .00000106  00000-0  30755-4 0  9992
2 43931  86.4020 352.1478 0002504  78.7658 281.3819 14.34218228142514
