MTI                     
1 26102U 00014A   21275.32839499  .00027045  00000-0  28645-3 0  9996
2 26102  97.4559 187.7054 0003319 287.7688  72.3228 15.64107422198033
CFESAT                  
1 30777U 07006F   21275.39552029  .00009045  00000-0  21266-3 0  9997
2 30777  35.4234 171.1401 0004175 193.0476 167.0144 15.41250522809185
SPIRALE A               
1 33751U 09008C   21275.30161934  .00000085  00000-0  37650-3 0  9997
2 33751   1.9935 134.8392 5396903 125.6323 297.4220  4.58803589182866
SPIRALE B               
1 33752U 09008D   21274.42128041  .00003395  00000-0  91087-3 0  9993
2 33752   1.8442 264.7821 6880059 224.1811  53.2683  2.79572228117815
SAPPHIRE                
1 39088U 13009C   21274.80891863  .00000023  00000-0  23577-4 0  9993
2 39088  98.4405 111.8710 0010820 331.0900  28.9685 14.34252451450048
