COSMOS 2361 [-]         
1 25590U 98076A   21274.88963759  .00000048  00000-0  35148-4 0  9999
2 25590  82.9369  37.2727 0031043 205.0529 271.6030 13.73002015140750
COSMOS 2378 [-]         
1 26818U 01023A   21274.80450556  .00000033  00000-0  18908-4 0  9996
2 26818  82.9275  55.8477 0033371 152.6204 207.6723 13.73957234 18799
COSMOS 2389 [-]         
1 27436U 02026A   21274.74601184  .00000032  00000-0  17543-4 0  9998
2 27436  82.9553   1.4107 0046716  19.1941  92.4292 13.74959269970827
COSMOS 2398 [-]         
1 27818U 03023A   21275.07175444  .00000044  00000-0  31370-4 0  9999
2 27818  82.9494 321.9376 0032617  50.8835 309.5217 13.72195292917952
COSMOS 2407 [+]         
1 28380U 04028A   21275.24178326  .00000028  00000-0  12611-4 0  9990
2 28380  82.9568 267.5605 0040051  21.3632 338.9193 13.76096148863647
COSMOS 2414 [+]         
1 28521U 05002A   21275.47209955  .00000013  00000-0 -27452-5 0  9993
2 28521  82.9461 263.2484 0039677 187.2341 172.8258 13.87638060845773
COSMOS 2429 [-]         
1 32052U 07038A   21274.81865806  .00000020  00000-0  54698-5 0  9997
2 32052  82.9838  32.8575 0038315 358.3429   1.7594 13.74945004705360
COSMOS 2454 [-]         
1 35635U 09039A   21275.46460386  .00000030  00000-0  11139-4 0  9999
2 35635  82.9533 250.0789 0020176 132.3731 227.9144 13.89667197618866
COSMOS 2463 [+]         
1 36519U 10017A   21275.23191219  .00000034  00000-0  21071-4 0  9990
2 36519  82.9581  72.4736 0035250 217.6341 142.2347 13.71460178572394
