ONEWEB-0012             
1 44057U 19010A   21275.43186726 -.00003306  00000-0 -78516-2 0  9998
2 44057  86.7998 236.3501 0003834  83.0137 277.1433 13.23436486125240
ONEWEB-0010             
1 44058U 19010B   21274.92596808  .00000076  00000-0  14568-3 0  9995
2 44058  86.7845 236.3928 0001904  79.1849 280.9499 13.23122883125200
ONEWEB-0008             
1 44059U 19010C   21275.03542409 -.00000556  00000-0 -13446-2 0  9995
2 44059  86.8004 236.4695 0002062  79.0406 281.0960 13.23604843125335
ONEWEB-0007             
1 44060U 19010D   21275.40946672  .00000027  00000-0  34099-4 0  9998
2 44060  88.2565 240.5700 0002367  74.6518 285.4878 13.22271366125404
ONEWEB-0006             
1 44061U 19010E   21275.28812750  .00036440  00000-0  87769-1 0  9991
2 44061  88.2760 240.6822 0002730 179.2904 180.8235 13.21884909125411
ONEWEB-0011             
1 44062U 19010F   21274.91165773  .00031194  00000-0  74934-1 0  9998
2 44062  88.2232 240.7979 0002693 108.4289 251.7138 13.22099077125378
ONEWEB-0013             
1 45131U 20008A   21275.44503748 -.00000602  00000-0 -17887-2 0  9999
2 45131  87.9228  34.0952 0001454  79.6531 280.4760 13.09311763 81909
ONEWEB-0017             
1 45132U 20008B   21275.11624871  .00000543  00000-0  15180-2 0  9991
2 45132  87.8935  18.0140 0002124 109.5306 250.6051 13.10375537 83582
ONEWEB-0020             
1 45133U 20008C   21275.46684640 -.00000700  00000-0 -20416-2 0  9995
2 45133  87.8932  17.9332 0002718  94.6909 265.4529 13.10373663 84036
ONEWEB-0021             
1 45134U 20008D   21274.87157831 -.00000201  00000-0 -61110-3 0  9990
2 45134  87.9069  17.9441 0001584  97.6755 262.4552 13.10377194 83486
ONEWEB-0022             
1 45135U 20008E   21275.50739211  .00000663  00000-0  18631-2 0  9999
2 45135  87.8935  17.9225 0002314 103.8312 256.3073 13.10372671 84014
ONEWEB-0023             
1 45136U 20008F   21275.03678789  .00000416  00000-0  11543-2 0  9991
2 45136  87.8970  17.9388 0001590  74.1497 285.9805 13.10377144 83697
ONEWEB-0024             
1 45137U 20008G   21275.46527932 -.00000718  00000-0 -20944-2 0  9994
2 45137  87.8877  17.8772 0001236 100.6374 259.4893 13.10370519 83902
ONEWEB-0025             
1 45138U 20008H   21274.87312567 -.00000130  00000-0 -40958-3 0  9991
2 45138  87.8927  18.1081 0001619  93.0048 267.1265 13.10377131 83405
ONEWEB-0026             
1 45139U 20008J   21275.49805109 -.00110086  00000-0 -31575+0 0  9993
2 45139  87.8911   2.7711 0001983 104.4310 255.7038 13.11113658 86756
ONEWEB-0028             
1 45140U 20008K   21275.44571181 -.00000780  00000-0 -23081-2 0  9995
2 45140  87.2032  10.0700 0001403 102.1958 257.9326 13.09340274 83389
ONEWEB-0032             
1 45141U 20008L   21275.04144353  .00000552  00000-0  15442-2 0  9996
2 45141  87.8909  18.0575 0001674 105.8282 254.3030 13.10374384 84012
ONEWEB-0033             
1 45142U 20008M   21274.86222673 -.00000561  00000-0 -16431-2 0  9999
2 45142  87.8906  18.0307 0001775 106.0505 254.0818 13.10374948 83045
ONEWEB-0035             
1 45143U 20008N   21275.42947815  .00000601  00000-0  16867-2 0  9991
2 45143  87.8934  17.9634 0001998  94.7635 265.3721 13.10373720 83733
ONEWEB-0036             
1 45144U 20008P   21275.11468068  .00000471  00000-0  13131-2 0  9992
2 45144  87.8933  17.9847 0001717  89.0978 271.0346 13.10375909 84093
ONEWEB-0038             
1 45145U 20008Q   21274.88559057 -.00000487  00000-0 -14099-2 0  9998
2 45145  87.8980   2.8423 0001667  95.2581 264.8738 13.11415869 84986
ONEWEB-0039             
1 45146U 20008R   21275.47774867 -.00000553  00000-0 -16206-2 0  9999
2 45146  87.8933  17.9519 0001068 109.3794 250.7449 13.10375756 83853
ONEWEB-0040             
1 45147U 20008S   21274.85909259 -.00000647  00000-0 -18901-2 0  9994
2 45147  87.8931  18.1209 0001171 116.6663 243.4585 13.10371136 82691
ONEWEB-0041             
1 45148U 20008T   21275.43640980  .00000006  00000-0 -13989-4 0  9994
2 45148  87.9416   0.9196 0019466 114.0553 246.2635 13.48328934 87232
ONEWEB-0043             
1 45149U 20008U   21274.86066427 -.00000600  00000-0 -17563-2 0  9990
2 45149  87.8933  18.0718 0001106  83.9983 276.1271 13.10374779 83016
ONEWEB-0044             
1 45150U 20008V   21274.81393967  .00000616  00000-0  17279-2 0  9998
2 45150  87.8931  18.0889 0001292  98.9969 261.1305 13.10374731 83303
ONEWEB-0045             
1 45151U 20008W   21274.89213137 -.00000534  00000-0 -15424-2 0  9998
2 45151  87.8936   2.9206 0001811 110.7800 249.3522 13.11417178 85066
ONEWEB-0047             
1 45152U 20008X   21275.41699416  .00000281  00000-0  76812-3 0  9992
2 45152  87.8935  17.9638 0001671  96.2481 263.8837 13.10375855 83891
ONEWEB-0048             
1 45153U 20008Y   21275.10689000  .00000126  00000-0  32527-3 0  9990
2 45153  87.8937  18.0193 0001577  88.8841 271.2467 13.10376779 83443
ONEWEB-0049             
1 45154U 20008Z   21275.03210097  .00000170  00000-0  45128-3 0  9999
2 45154  87.8929  18.0275 0001712  84.9354 275.1968 13.10376049 83666
ONEWEB-0051             
1 45155U 20008AA  21274.88996734 -.00000536  00000-0 -15477-2 0  9992
2 45155  87.8911   2.8873 0001820 101.2317 258.9016 13.11416832 85745
ONEWEB-0052             
1 45156U 20008AB  21275.10532575  .00000036  00000-0  65893-4 0  9990
2 45156  87.8926  18.0048 0001842  58.7360 301.3947 13.10376177 83563
ONEWEB-0053             
1 45157U 20008AC  21275.46839601 -.00000717  00000-0 -20891-2 0  9995
2 45157  87.8933  17.9615 0001345 101.5229 258.6049 13.10371896 83581
ONEWEB-0054             
1 45158U 20008AD  21275.42789438  .00000630  00000-0  17697-2 0  9996
2 45158  87.8931  17.9706 0001899 109.7798 250.3534 13.10375874 83696
ONEWEB-0056             
1 45159U 20008AE  21274.87470825 -.00000030  00000-0 -12126-3 0  9991
2 45159  87.8934  18.0738 0001694  90.5493 269.5828 13.10375479 83014
ONEWEB-0057             
1 45160U 20008AF  21275.11000358  .00000308  00000-0  84496-3 0  9996
2 45160  87.8937  18.0005 0001409  92.3262 267.8027 13.10376573 83708
ONEWEB-0058             
1 45161U 20008AG  21274.86845621 -.00000357  00000-0 -10579-2 0  9994
2 45161  87.8940  18.0721 0001433 105.6066 254.5219 13.10376776 83256
ONEWEB-0059             
1 45162U 20008AH  21274.86532358 -.00000466  00000-0 -13699-2 0  9992
2 45162  87.8935  18.0743 0001576 105.5103 254.6199 13.10376058 83154
ONEWEB-0062             
1 45163U 20008AJ  21274.81550286  .00000657  00000-0  18454-2 0  9992
2 45163  87.8932  18.0782 0001743  90.2577 269.8750 13.10374869 83010
ONEWEB-0065             
1 45164U 20008AK  21274.87000690 -.00000461  00000-0 -13564-2 0  9990
2 45164  87.8960  17.9498 0001567  96.3141 263.8165 13.10376007 82718
ONEWEB-0066             
1 45424U 20020A   21274.87251693  .00000011  00000-0 -38491-5 0  9993
2 45424  87.8967   2.9121 0001951 130.5638 229.5660 13.11414969 77332
ONEWEB-0067             
1 45425U 20020B   21274.89866521 -.00000564  00000-0 -16259-2 0  9997
2 45425  87.8968   2.9136 0001584 105.7831 254.3471 13.11417505 77392
ONEWEB-0080             
1 45426U 20020C   21274.84854724  .00000529  00000-0  14553-2 0  9999
2 45426  87.8971   2.9091 0002125  97.4887 262.6482 13.11418168 77353
ONEWEB-0090             
1 45427U 20020D   21274.86380469  .00000376  00000-0  10243-2 0  9994
2 45427  87.8975   2.9353 0001852 100.9189 259.2147 13.11414495 77326
ONEWEB-0061             
1 45428U 20020E   21274.89649797 -.00000484  00000-0 -14018-2 0  9996
2 45428  87.8971   2.8864 0001556 107.7404 252.3894 13.11418302 77284
ONEWEB-0081             
1 45429U 20020F   21274.87907975 -.00000289  00000-0 -85193-3 0  9996
2 45429  87.8980   2.8689 0001459 117.0355 243.0922 13.11414615 77395
ONEWEB-0069             
1 45430U 20020G   21274.86599077  .00000283  00000-0  76235-3 0  9996
2 45430  87.8969   2.9203 0001768 103.0152 257.1173 13.11416988 77322
ONEWEB-0031             
1 45431U 20020H   21274.83982814  .00000255  00000-0  68465-3 0  9994
2 45431  87.8969   2.9176 0001757  95.3173 264.8156 13.11417699 77300
ONEWEB-0027             
1 45432U 20020J   21275.50143715 -.00000027  00000-0 -10266-3 0  9994
2 45432  87.9180 347.6359 0002088 105.0860 255.0502 13.17651083 80022
ONEWEB-0064             
1 45433U 20020K   21275.44800749  .00000029  00000-0  46650-4 0  9992
2 45433  87.8973   2.8112 0002359 118.5200 241.6166 13.11420202 77425
ONEWEB-0018             
1 45434U 20020L   21274.86817436  .00000180  00000-0  47094-3 0  9999
2 45434  87.8967   2.9028 0001720  95.1488 264.9837 13.11415574 77288
ONEWEB-0083             
1 45435U 20020M   21274.85727871  .00000524  00000-0  14437-2 0  9998
2 45435  87.8969   2.9114 0001751 100.3847 259.7478 13.11415827 77328
ONEWEB-0095             
1 45436U 20020N   21275.45237940  .00000201  00000-0  53163-3 0  9991
2 45436  87.8971   2.7941 0002067 101.7626 258.3733 13.11417934 77419
ONEWEB-0092             
1 45437U 20020P   21274.89432613 -.00000515  00000-0 -14878-2 0  9992
2 45437  87.8981   2.8606 0001563  86.2968 273.8339 13.11417067 77440
ONEWEB-0085             
1 45438U 20020Q   21274.85072927  .00000527  00000-0  14521-2 0  9993
2 45438  87.8971   2.9301 0001668 108.4765 251.6544 13.11416048 77328
ONEWEB-0096             
1 45439U 20020R   21274.85944593  .00000492  00000-0  13528-2 0  9998
2 45439  87.8968   2.9149 0001492 112.0195 248.1092 13.11415951 77318
ONEWEB-0037             
1 45440U 20020S   21274.84418657  .00000409  00000-0  11168-2 0  9992
2 45440  87.8968   2.9264 0001800  81.6167 278.5164 13.11419830 77341
ONEWEB-0042             
1 45441U 20020T   21274.90303456 -.00000313  00000-0 -91869-3 0  9993
2 45441  87.8972   2.9077 0001588  96.5242 263.6067 13.11418284 77328
ONEWEB-0098             
1 45442U 20020U   21275.15156479  .00000486  00000-0  13359-2 0  9999
2 45442  87.8968   2.8601 0001729 111.6036 248.5277 13.11419173 77337
ONEWEB-0055             
1 45443U 20020V   21274.90740253 -.00000112  00000-0 -35286-3 0  9993
2 45443  87.8981   2.8649 0001789 103.9048 256.2279 13.11417666 77274
ONEWEB-0093             
1 45444U 20020W   21274.88343291 -.00000444  00000-0 -12878-2 0  9991
2 45444  87.8969   2.9162 0001800 102.4116 257.7213 13.11416397 77337
ONEWEB-0029             
1 45445U 20020X   21274.90522738 -.00000229  00000-0 -68209-3 0  9991
2 45445  87.8974   2.8918 0001423  95.5083 264.6208 13.11416757 77317
ONEWEB-0068             
1 45446U 20020Y   21274.87469346 -.00000106  00000-0 -33464-3 0  9992
2 45446  87.8968   2.9159 0001751 112.8154 247.3159 13.11414175 77253
ONEWEB-0046             
1 45447U 20020Z   21274.87034218  .00000106  00000-0  26403-3 0  9992
2 45447  87.8969   2.9224 0001779  90.3657 269.7674 13.11414360 77263
ONEWEB-0063             
1 45448U 20020AA  21274.90084554 -.00000521  00000-0 -15052-2 0  9995
2 45448  87.8966   2.9171 0001778  88.3678 271.7654 13.11416284 77359
ONEWEB-0019             
1 45449U 20020AB  21275.10576572 -.00000129  00000-0 -40001-3 0  9992
2 45449  87.8972   2.8531 0001957 100.8012 259.3336 13.11414001 77238
ONEWEB-0094             
1 45450U 20020AC  21275.50300322 -.00000017  00000-0 -77840-4 0  9994
2 45450  87.9160 347.5707 0001982 104.4620 255.6732 13.17647479 79972
ONEWEB-0087             
1 45451U 20020AD  21275.44364736 -.00000161  00000-0 -49129-3 0  9995
2 45451  87.8979   2.8148 0001401 120.8143 239.3123 13.11419462 77321
ONEWEB-0082             
1 45452U 20020AE  21275.44582738 -.00000085  00000-0 -27470-3 0  9990
2 45452  87.8971   2.7681 0001586 115.9098 244.2193 13.11420586 77414
ONEWEB-0050             
1 45453U 20020AF  21274.88389918  .00000952  00000-0  84335-4 0  9998
2 45453  87.5424 322.2048 0028446  73.9531 286.4829 14.94741476 83643
ONEWEB-0034             
1 45454U 20020AG  21275.15809116  .00000618  00000-0  17078-2 0  9994
2 45454  87.8968   2.8489 0001609  97.3767 262.7544 13.11418947 77290
ONEWEB-0060             
1 45455U 20020AH  21274.86164639  .00000434  00000-0  11875-2 0  9991
2 45455  87.8970   2.9077 0001735  99.6116 260.5208 13.11418263 77206
ONEWEB-0086             
1 45456U 20020AJ  21275.49160573 -.00000283  00000-0 -83497-3 0  9999
2 45456  87.8968   2.7800 0001667 110.8581 249.2725 13.11415235 77341
ONEWEB-0088             
1 45457U 20020AK  21274.85510003  .00000549  00000-0  15127-2 0  9993
2 45457  87.8965   2.9297 0001583  97.0378 263.0930 13.11416571 77197
ONEWEB-0102             
1 47258U 20100A   21274.68325486  .00000243  00000-0  64060-3 0  9995
2 47258  87.8914 332.5748 0001951 107.7208 252.4133 13.12444757 39187
ONEWEB-0109             
1 47259U 20100B   21275.45622365 -.00000070  00000-0 -22954-3 0  9994
2 47259  87.8970 332.2594 0002267 104.8019 255.3361 13.12444328 39117
ONEWEB-0110             
1 47260U 20100C   21275.40116053  .00000056  00000-0  12041-3 0  9991
2 47260  87.8933 332.3622 0002074 105.9926 254.1431 13.12440815 39275
ONEWEB-0111             
1 47261U 20100D   21274.67057144 -.00000070  00000-0 -22894-3 0  9990
2 47261  87.8937 332.5348 0001821 105.5394 254.5936 13.12446000 39019
ONEWEB-0114             
1 47262U 20100E   21274.85480578  .00000331  00000-0  88385-3 0  9997
2 47262  87.8975 332.3423 0002181 100.3358 259.8017 13.12441529 38992
ONEWEB-0117             
1 47263U 20100F   21274.84845109  .00000419  00000-0  11289-2 0  9997
2 47263  87.8887 332.4527 0001992 103.1858 256.9493 13.12444367 39008
ONEWEB-0118             
1 47264U 20100G   21274.87599721 -.00000359  00000-0 -10332-2 0  9990
2 47264  87.8920 332.4758 0002102  97.4716 262.6651 13.12440797 39200
ONEWEB-0119             
1 47265U 20100H   21275.43927970  .00000013  00000-0  50089-6 0  9997
2 47265  87.8911 332.4316 0001921 103.2562 256.8781 13.12446010 39252
ONEWEB-0120             
1 47266U 20100J   21274.85903279  .00000298  00000-0  79274-3 0  9998
2 47266  87.8983 332.4522 0002199 102.5649 257.5725 13.12443181 39204
ONEWEB-0121             
1 47267U 20100K   21274.69173806  .00000421  00000-0  11339-2 0  9991
2 47267  87.8992 332.5403 0001738 106.9985 253.1334 13.12444216 39098
ONEWEB-0122             
1 47268U 20100L   21274.68539687  .00000369  00000-0  98926-3 0  9993
2 47268  87.8903 332.4789 0001735  88.3573 271.7754 13.12441360 39000
ONEWEB-0123             
1 47269U 20100M   21275.21270810  .00000106  00000-0  25869-3 0  9999
2 47269  87.8926 332.4421 0001990  98.6201 261.5153 13.12444428 39215
ONEWEB-0124             
1 47270U 20100N   21274.66419230 -.00000431  00000-0 -12321-2 0  9991
2 47270  87.8895 332.4936 0001847 101.7433 258.3903 13.12442566 39024
ONEWEB-0125             
1 47271U 20100P   21275.10045833  .00004128  00000-0  11441-1 0  9992
2 47271  87.8966 332.4639 0001853  87.9256 272.2084 13.12409864 39141
ONEWEB-0126             
1 47272U 20100Q   21274.89714074 -.00000427  00000-0 -12215-2 0  9999
2 47272  87.8926 332.5511 0002160 105.4943 254.6424 13.12443250 39182
ONEWEB-0127             
1 47273U 20100R   21274.86114954  .00000113  00000-0  27995-3 0  9990
2 47273  87.8903 332.4621 0002204 101.9302 258.2074 13.12442427 39207
ONEWEB-0128             
1 47274U 20100S   21275.49009723 -.00000323  00000-0 -93453-3 0  9995
2 47274  87.8923 332.3435 0001938 107.5782 252.5559 13.12440512 39308
ONEWEB-0129             
1 47275U 20100T   21274.86327114 -.00000001  00000-0 -38691-4 0  9990
2 47275  87.8936 332.4020 0004117 101.3781 258.7810 13.12439734 39152
ONEWEB-0130             
1 47276U 20100U   21275.42233336 -.00000558  00000-0 -15865-2 0  9999
2 47276  87.8958 332.3648 0002135 113.3904 246.7449 13.12443010 39191
ONEWEB-0131             
1 47277U 20100V   21275.11315262 -.00000389  00000-0 -11162-2 0  9993
2 47277  87.8957 332.3736 0001765  95.8824 264.2506 13.12440014 39192
ONEWEB-0132             
1 47278U 20100W   21274.84209498  .00000424  00000-0  11439-2 0  9991
2 47278  87.8920 332.5515 0002048  94.8396 265.2967 13.12444955 39053
ONEWEB-0133             
1 47279U 20100X   21274.85692896  .00000223  00000-0  58462-3 0  9996
2 47279  87.8943 332.4332 0002105 104.8240 255.3122 13.12442569 39219
ONEWEB-0134             
1 47280U 20100Y   21275.43504094 -.00000137  00000-0 -41629-3 0  9998
2 47280  87.8911 332.3576 0001624 102.3291 257.8020 13.12445508 39264
ONEWEB-0135             
1 47281U 20100Z   21275.09833290 -.00000078  00000-0 -25350-3 0  9991
2 47281  87.8915 332.4108 0002174 105.4392 254.6977 13.12444540 39247
ONEWEB-0136             
1 47282U 20100AA  21274.89081765  .00000726  00000-0  19827-2 0  9990
2 47282  87.8940 332.4090 0003051 122.3457 237.7968 13.12438767 39146
ONEWEB-0137             
1 47283U 20100AB  21275.46258573  .00000460  00000-0  12427-2 0  9992
2 47283  87.8899 332.4138 0002252  94.1309 266.0077 13.12444591 39123
ONEWEB-0138             
1 47284U 20100AC  21274.90351284  .00000026  00000-0  37901-4 0  9998
2 47284  87.8904 332.5123 0002133 104.8436 255.2929 13.12442363 39136
ONEWEB-0139             
1 47285U 20100AD  21275.48376198 -.00000159  00000-0 -47827-3 0  9990
2 47285  87.8956 332.4158 0001903 107.5210 252.6126 13.12442019 39289
ONEWEB-0140             
1 47286U 20100AE  21274.89504183 -.00000273  00000-0 -79545-3 0  9991
2 47286  87.8933 332.5009 0002085 110.7326 249.4026 13.12443040 39173
ONEWEB-0141             
1 47287U 20100AF  21275.42024285 -.00000148  00000-0 -44676-3 0  9990
2 47287  87.8907 332.3992 0002091 106.1819 253.9540 13.12442561 39221
ONEWEB-0142             
1 47288U 20100AG  21275.44353384  .00000110  00000-0  26958-3 0  9998
2 47288  87.8934 332.4683 0002106  91.6153 268.5217 13.12443598 39220
ONEWEB-0143             
1 47289U 20100AH  21275.17034187  .00000045  00000-0  89785-4 0  9991
2 47289  87.8955 332.3911 0001997 101.9229 258.2124 13.12443197 39164
ONEWEB-0144             
1 47290U 20100AJ  21275.44988100  .00000312  00000-0  83134-3 0  9994
2 47290  87.8975 332.2522 0001805 104.8979 255.2350 13.12441576 39120
ONEWEB-0145             
1 47291U 20100AK  21275.49222542 -.00000331  00000-0 -95610-3 0  9996
2 47291  87.8931 332.3613 0002107 105.5983 254.5378 13.12442795 39322
ONEWEB-0146             
1 47292U 20100AL  21275.48798132 -.00000275  00000-0 -79866-3 0  9991
2 47292  87.8917 332.3952 0002046 106.0654 254.0700 13.12440676 39236
ONEWEB-0147             
1 47293U 20100AM  21275.46048480  .00000477  00000-0  12917-2 0  9999
2 47293  87.8935 332.3890 0002745 117.9894 242.1512 13.12444997 39128
ONEWEB-0115             
1 48042U 21025A   21275.15149816  .00000284  00000-0  74163-3 0  9998
2 48042  87.8866 301.8151 0001456  90.9057 269.2238 13.13468776 27948
ONEWEB-0152             
1 48043U 21025B   21275.46890302  .00000049  00000-0  98224-4 0  9990
2 48043  87.8830 301.7223 0001744  99.2174 260.9153 13.13467971 27941
ONEWEB-0153             
1 48044U 21025C   21275.44560714  .00000299  00000-0  78283-3 0  9999
2 48044  87.8975 301.9035 0001871  79.4833 280.6506 13.13473009 27937
ONEWEB-0154             
1 48045U 21025D   21275.06262114  .00000344  00000-0  90638-3 0  9990
2 48045  87.8816 301.8351 0002320  87.7806 272.3589 13.13471276 27847
ONEWEB-0116             
1 48046U 21025E   21275.40962414 -.00000279  00000-0 -80021-3 0  9993
2 48046  87.8826 301.7511 0001434  85.1736 274.9557 13.13471221 28029
ONEWEB-0150             
1 48047U 21025F   21275.15361336  .00000407  00000-0  10803-2 0  9993
2 48047  87.8824 301.8678 0002235  80.2066 279.9316 13.13470405 27889
ONEWEB-0107             
1 48048U 21025G   21275.15572940  .00000229  00000-0  59081-3 0  9993
2 48048  87.8850 301.8061 0002495  97.0701 263.0712 13.13468910 27876
ONEWEB-0101             
1 48049U 21025H   21274.89332777  .00000017  00000-0  12799-4 0  9997
2 48049  87.8843 301.9560 0002028  90.6867 269.4495 13.13469529 27806
ONEWEB-0113             
1 48050U 21025J   21275.47736146 -.00000172  00000-0 -50709-3 0  9998
2 48050  87.8844 301.7493 0001644  95.2403 264.8914 13.13466771 27960
ONEWEB-0112             
1 48051U 21025K   21275.15995735  .00000111  00000-0  26908-3 0  9990
2 48051  87.8827 301.8786 0001811  89.4731 270.6605 13.13471666 27942
ONEWEB-0156             
1 48052U 21025L   21275.47522436 -.00000169  00000-0 -49789-3 0  9997
2 48052  87.8807 301.7317 0001840  85.0054 275.1285 13.13466721 27964
ONEWEB-0161             
1 48053U 21025M   21275.44772713  .00000336  00000-0  88436-3 0  9996
2 48053  87.8804 301.8217 0001822  90.7621 269.3717 13.13471376 27894
ONEWEB-0158             
1 48054U 21025N   21275.41173968 -.00000591  00000-0 -16543-2 0  9995
2 48054  87.8815 301.7379 0001449  91.7613 268.3682 13.13469491 28001
ONEWEB-0157             
1 48055U 21025P   21274.90178369  .00000191  00000-0  48674-3 0  9994
2 48055  87.8828 301.8937 0002400  91.3690 268.7714 13.13470025 27875
ONEWEB-0162             
1 48056U 21025Q   21275.47312219 -.00000108  00000-0 -33101-3 0  9991
2 48056  87.8853 301.7496 0001846  78.3082 281.8254 13.13470684 27906
ONEWEB-0155             
1 48057U 21025R   21275.42022142 -.00000225  00000-0 -65226-3 0  9993
2 48057  87.8798 301.8186 0001976  91.7652 268.3703 13.13471095 28062
ONEWEB-0149             
1 48058U 21025S   21275.05837330  .00000278  00000-0  72703-3 0  9990
2 48058  87.8754 301.8170 0002092  74.6194 285.5166 13.13472514 27823
ONEWEB-0148             
1 48059U 21025T   21275.47947356 -.00000217  00000-0 -63028-3 0  9992
2 48059  87.8806 301.7162 0002677  77.3122 282.8306 13.13470792 27992
ONEWEB-0160             
1 48060U 21025U   21275.42232749 -.00000189  00000-0 -55260-3 0  9999
2 48060  87.8785 301.7441 0000427 106.4466 253.6710 13.13471483 27933
ONEWEB-0163             
1 48061U 21025V   21275.48160167 -.00000282  00000-0 -80821-3 0  9995
2 48061  87.8814 301.7547 0002716  96.9017 263.2421 13.13467776 28074
ONEWEB-0159             
1 48062U 21025W   21275.46678080  .00000077  00000-0  17536-3 0  9995
2 48062  87.8800 301.7080 0002445  88.3888 271.7521 13.13467778 27988
ONEWEB-0164             
1 48063U 21025X   21275.45195992  .00000319  00000-0  83856-3 0  9998
2 48063  87.8800 301.7229 0001848 114.2880 245.8443 13.13467021 27976
ONEWEB-0167             
1 48064U 21025Y   21275.48370539 -.00000303  00000-0 -86509-3 0  9997
2 48064  87.8854 301.7440 0002236  92.5762 267.5623 13.13470729 27958
ONEWEB-0166             
1 48065U 21025Z   21274.89545700  .00000040  00000-0  74756-4 0  9994
2 48065  87.8823 301.9426 0002033  84.9464 275.1897 13.13473508 27956
ONEWEB-0151             
1 48066U 21025AA  21274.89756390  .00000106  00000-0  25557-3 0  9991
2 48066  87.8827 301.8772 0001980 113.2252 246.9086 13.13471996 27893
ONEWEB-0170             
1 48067U 21025AB  21275.13242490  .00000235  00000-0  60958-3 0  9998
2 48067  87.8859 301.8256 0002040 135.8862 224.2430 13.13472721 27889
ONEWEB-0168             
1 48068U 21025AC  21275.42444174 -.00000138  00000-0 -41242-3 0  9993
2 48068  87.8851 301.7710 0002042  84.5601 275.5761 13.13466604 27934
ONEWEB-0173             
1 48069U 21025AD  21275.41598640 -.00000244  00000-0 -70257-3 0  9997
2 48069  87.8805 301.7597 0002496 106.4768 253.6635 13.13472233 28177
ONEWEB-0171             
1 48070U 21025AE  21275.14513736  .00000362  00000-0  95516-3 0  9996
2 48070  87.8791 301.8182 0002069  77.2107 282.9253 13.13471108 27958
ONEWEB-0172             
1 48071U 21025AF  21274.45656646  .00035436  00000-0  77361-1 0  9994
2 48071  88.0414 300.1728 0005951 359.3602   0.7528 13.28457032 28733
ONEWEB-0174             
1 48072U 21025AG  21275.10916661 -.00000252  00000-0 -72579-3 0  9992
2 48072  87.8833 301.8252 0002533  74.2177 285.9232 13.13471554 28164
ONEWEB-0175             
1 48073U 21025AH  21275.06049315  .00000383  00000-0  10127-2 0  9994
2 48073  87.8840 301.9235 0001702 116.7185 243.4119 13.13473730 27815
ONEWEB-0177             
1 48074U 21025AJ  21275.14936933  .00000269  00000-0  70270-3 0  9994
2 48074  87.8773 301.8280 0002913 105.1097 255.0354 13.13466403 28011
ONEWEB-0178             
1 48075U 21025AK  21275.47099771 -.00000031  00000-0 -11874-3 0  9995
2 48075  87.8781 301.8081 0002075  89.4949 270.6418 13.13466700 28103
ONEWEB-0108             
1 48076U 21025AL  21274.89967031  .00000170  00000-0  42979-3 0  9996
2 48076  87.8822 301.8895 0001636  66.8813 293.2488 13.13466609 27952
ONEWEB-0169             
1 48077U 21025AM  21275.46253754  .00000187  00000-0  47600-3 0  9995
2 48077  87.8817 301.7387 0001927  70.8069 289.3269 13.13466783 27926
ONEWEB-0176             
1 48210U 21031A   21275.43863800  .00000269  00000-0  69225-3 0  9995
2 48210  87.8971 271.2743 0002210  92.3846 267.7536 13.14495749 23806
ONEWEB-0184             
1 48211U 21031B   21275.10877625 -.00000084  00000-0 -26226-3 0  9991
2 48211  87.9036 271.4037 0002092 134.3121 225.8180 13.14497634 22443
ONEWEB-0179             
1 48212U 21031C   21275.45766790  .00000123  00000-0  29757-3 0  9994
2 48212  87.8990 271.3273 0002403  90.1442 269.9963 13.14500755 22531
ONEWEB-0180             
1 48213U 21031D   21275.03477651 -.00000038  00000-0 -13711-3 0  9994
2 48213  87.9035 271.4190 0002230  88.1895 271.9490 13.14501207 22361
ONEWEB-0218             
1 48214U 21031E   21275.43655892  .00000230  00000-0  58536-3 0  9990
2 48214  87.8996 271.3331 0002890 125.7921 234.3478 13.14532971 22577
ONEWEB-0209             
1 48215U 21031F   21275.42595470  .00005742  00000-0  15448-1 0  9991
2 48215  87.9013 271.3316 0002578  98.2328 261.9094 13.14478517 22575
ONEWEB-0198             
1 48216U 21031G   21275.10670339 -.00000108  00000-0 -32705-3 0  9995
2 48216  87.9031 271.3356 0002639 105.4273 254.7149 13.14510194 22623
ONEWEB-0189             
1 48217U 21031H   21274.89100193  .00000088  00000-0  20399-3 0  9998
2 48217  87.8961 271.4415 0002478 106.3715 253.7687 13.14501346 22359
ONEWEB-0196             
1 48218U 21031J   21275.47881372 -.00000221  00000-0 -63000-3 0  9996
2 48218  87.9010 271.2788 0001895  98.7478 261.3867 13.14505365 22427
ONEWEB-0183             
1 48219U 21031K   21274.91851524  .00000229  00000-0  58351-3 0  9990
2 48219  87.9051 271.3970 0002080  85.9109 274.2259 13.14505961 22456
ONEWEB-0185             
1 48220U 21031L   21275.10032913 -.00000156  00000-0 -45542-3 0  9996
2 48220  87.8975 271.3949 0002236  85.1988 274.9397 13.14504897 22400
ONEWEB-0187             
1 48221U 21031M   21275.07496792  .00000695  00000-0  18408-2 0  9998
2 48221  87.8984 271.4041 0002163  88.2865 271.8512 13.14504072 22413
ONEWEB-0192             
1 48222U 21031N   21274.89524274  .00000154  00000-0  38104-3 0  9991
2 48222  87.8970 271.4185 0002003 102.1392 257.9962 13.14505330 22302
ONEWEB-0219             
1 48223U 21031P   21275.10455603 -.00000147  00000-0 -42975-3 0  9991
2 48223  87.8983 271.3748 0002052  94.9832 265.1532 13.14501379 22541
ONEWEB-0202             
1 48224U 21031Q   21275.46414883 -.00000016  00000-0 -77841-4 0  9992
2 48224  87.8976 271.3348 0003286 119.0685 241.0775 13.14600413 22579
ONEWEB-0204             
1 48225U 21031R   21275.44919106  .00000217  00000-0  55069-3 0  9997
2 48225  87.8946 271.3266 0001448  65.6621 294.4660 13.14505099 22467
ONEWEB-0205             
1 48226U 21031S   21275.47457408 -.00000183  00000-0 -52908-3 0  9996
2 48226  87.8984 271.3048 0001826 133.3407 226.7875 13.14504762 22487
ONEWEB-0206             
1 48227U 21031T   21275.44711132  .00000260  00000-0  66673-3 0  9999
2 48227  87.9019 271.3192 0002333  84.0616 276.0780 13.14514108 22439
ONEWEB-0182             
1 48228U 21031U   21274.98366578 -.00232248  00000-0 -63143+0 0  9998
2 48228  87.8985 271.4300 0007210 262.9926  97.0384 13.15679338 22588
ONEWEB-0186             
1 48229U 21031V   21275.45344419  .00000189  00000-0  47628-3 0  9991
2 48229  87.8969 271.3201 0002346  96.3682 263.7715 13.14504455 22590
ONEWEB-0181             
1 48230U 21031W   21274.89735868  .00001111  00000-0  29625-2 0  9994
2 48230  87.8969 271.3589 0001901  92.4009 267.7339 13.14501085 22364
ONEWEB-0188             
1 48231U 21031X   21275.47033428 -.00000128  00000-0 -37938-3 0  9999
2 48231  87.8979 271.3380 0002244  88.5174 271.6213 13.14500431 22342
ONEWEB-0220             
1 48232U 21031Y   21274.89947065  .00000203  00000-0  51344-3 0  9995
2 48232  87.8982 271.4163 0002533  93.6783 266.4636 13.14504544 22532
ONEWEB-0165             
1 48233U 21031Z   21275.46188197  .00000032  00000-0  51039-4 0  9995
2 48233  87.9012 271.3350 0002471  93.9476 266.1936 13.14506119 22561
ONEWEB-0199             
1 48234U 21031AA  21275.44498343  .00000271  00000-0  69779-3 0  9995
2 48234  87.9006 271.3474 0002150  93.3620 266.7756 13.14498190 22465
ONEWEB-0203             
1 48235U 21031AB  21275.43440724  .00000563  00000-0  14844-2 0  9991
2 48235  87.9023 271.2319 0001570 110.4004 249.7294 13.14503399 22471
ONEWEB-0197             
1 48236U 21031AC  21275.04110724  .00000023  00000-0  27508-4 0  9997
2 48236  87.8975 271.4159 0001970  92.2882 267.8473 13.14516469 22333
ONEWEB-0194             
1 48237U 21031AD  21275.46610926 -.00000052  00000-0 -17358-3 0  9998
2 48237  87.8993 271.3285 0001324  98.4297 261.6983 13.14505901 22566
ONEWEB-0193             
1 48238U 21031AE  21275.10244023 -.00000143  00000-0 -42003-3 0  9997
2 48238  87.8969 271.4014 0001940 102.3377 257.7970 13.14501233 22464
ONEWEB-0191             
1 48239U 21031AF  21275.03687699 -.00000023  00000-0 -97394-4 0  9991
2 48239  87.8993 271.4299 0001721  99.3528 260.7797 13.14505998 22314
ONEWEB-0195             
1 48240U 21031AG  21275.47245571 -.00000149  00000-0 -43758-3 0  9993
2 48240  87.8972 271.3196 0002602 103.0780 257.0640 13.14505200 22356
ONEWEB-0201             
1 48241U 21031AH  21275.46823701 -.00000064  00000-0 -20585-3 0  9999
2 48241  87.8990 271.3298 0001901  87.9893 272.1454 13.14499190 22582
ONEWEB-0207             
1 48242U 21031AJ  21274.91004619  .00000383  00000-0  99827-3 0  9995
2 48242  87.9006 271.4437 0002110  77.9368 282.1998 13.14504150 22427
ONEWEB-0208             
1 48243U 21031AK  21274.88677118  .00000043  00000-0  81386-4 0  9997
2 48243  87.8972 271.4396 0002313 104.3344 255.8043 13.14501590 22431
ONEWEB-0200             
1 48244U 21031AL  21275.45979004  .00000086  00000-0  19858-3 0  9992
2 48244  87.8968 271.3055 0002462 103.8990 256.2414 13.14508573 22440
ONEWEB-0217             
1 48245U 21031AM  21275.47669299 -.00000198  00000-0 -56869-3 0  9996
2 48245  87.9010 271.3216 0002398 104.3506 255.7890 13.14505765 22392
ONEWEB-0211             
1 48767U 21045A   21274.91667824  .00002152  00000-0  56612-2 0  9995
2 48767  87.9102 240.9960 0001092 100.4636 355.8387 13.15798920  3314
ONEWEB-0223             
1 48768U 21045B   21274.91667824 -.00000453  00000-0 -11267-2 0  9997
2 48768  87.9341 241.0070 0002304 110.1547 178.5459 13.21905047  3328
ONEWEB-0230             
1 48769U 21045C   21275.58334491  .00023679  00000-0  51023-1 0  9999
2 48769  87.9614 240.8246 0004320 159.1053   6.2634 13.29401770 19803
ONEWEB-0237             
1 48770U 21045D   21275.25001157  .00037252  00000-0  89677-1 0  9993
2 48770  87.9387 240.6003 0001451  99.0058 150.9938 13.21915812 19500
ONEWEB-0235             
1 48771U 21045E   21274.91667824  .00000215  00000-0  43567-3 0  9994
2 48771  87.9297 240.8290 0001697 133.4972  74.5159 13.29582704  3328
ONEWEB-0242             
1 48772U 21045F   21275.50002315  .00013712  00000-0  36338-1 0  9991
2 48772  87.9058 240.8991 0001578  97.9351 121.2720 13.15540515 19572
ONEWEB-0241             
1 48773U 21045G   21274.91667824  .00001592  00000-0  42473-2 0  9999
2 48773  87.9109 241.0396 0001871 104.3066 307.1899 13.14709065  3294
ONEWEB-0243             
1 48774U 21045H   21275.25001157  .00035864  00000-0  86689-1 0  9994
2 48774  87.9406 240.7986 0001653  97.3213 217.8602 13.21649703 19475
ONEWEB-0222             
1 48775U 21045J   21275.58334491  .00000013  00000-0  00000+0 0  9990
2 48775  87.9289 240.8018 0001996  91.8538  93.7677 13.21451534 19556
ONEWEB-0244             
1 48776U 21045K   21275.58334491 -.00726782  00000-0 -58719+0 0  9991
2 48776  88.2881 240.1202 0005677 181.0008 266.9149 13.93095318 19934
ONEWEB-0247             
1 48777U 21045L   21274.76193748  .00000061  00000-0  10321-3 0  9993
2 48777  87.9718 241.0331 0001544 109.5023 250.6282 13.29575646 18331
ONEWEB-0245             
1 48778U 21045M   21274.91667824  .00002050  00000-0  46438-2 0  9999
2 48778  87.9749 240.8338 0001583 100.5722 345.7475 13.25852128  3311
ONEWEB-0229             
1 48779U 21045N   21275.58334491  .00000013  00000-0  00000+0 0  9994
2 48779  87.9249 240.5455 0001865  95.9241 146.0342 13.24431083 19561
ONEWEB-0228             
1 48780U 21045P   21275.25001157  .00036259  00000-0  87725-1 0  9992
2 48780  87.9309 240.8571 0002000  97.2793 180.6540 13.21584607 19440
ONEWEB-0232             
1 48781U 21045Q   21274.91667824 -.00000059  00000-0 -16613-3 0  9995
2 48781  87.9424 241.0395 0001558  96.6370 237.6877 13.25034146  3325
ONEWEB-0231             
1 48782U 21045R   21275.58334491  .00000013  00000-0  00000+0 0  9998
2 48782  87.9122 240.8420 0001915 113.9381 123.7902 13.18205128 19513
ONEWEB-0234             
1 48783U 21045S   21275.58334491  .00000013  00000-0  00000+0 0  9999
2 48783  87.9097 240.8475 0001565  92.6444  32.2737 13.18045197 19641
ONEWEB-0238             
1 48784U 21045T   21275.25001157  .00037421  00000-0  90172-1 0  9998
2 48784  87.9305 240.8765 0001360 152.5868  78.8526 13.21848851 19492
ONEWEB-0240             
1 48785U 21045U   21274.91667824  .00001331  00000-0  34787-2 0  9992
2 48785  87.9092 240.9557 0002034 112.6776 292.3756 13.15969417  3306
ONEWEB-0246             
1 48786U 21045V   21274.91667824  .00000823  00000-0  19649-2 0  9998
2 48786  87.9303 241.0370 0001597  93.2872 281.2271 13.21682278  3304
ONEWEB-0210             
1 48787U 21045W   21274.91667824  .00000163  00000-0  37857-3 0  9998
2 48787  87.9197 241.0670 0001561 100.6923 237.2454 13.18985836  3306
ONEWEB-0214             
1 48788U 21045X   21275.58334491  .00000013  00000-0  00000+0 0  9994
2 48788  87.9385 240.8975 0001443 122.1387 216.8032 13.23869114 19446
ONEWEB-0221             
1 48789U 21045Y   21274.91667824  .00002068  00000-0  55199-2 0  9994
2 48789  87.9084 241.0271 0001633  98.8204  39.6963 13.14788323  3295
ONEWEB-0213             
1 48790U 21045Z   21274.91667824 -.00000286  00000-0 -65544-3 0  9994
2 48790  87.9572 240.8896 0002066 111.8024 228.4746 13.28529369 19513
ONEWEB-0212             
1 48791U 21045AA  21274.91667824 -.00000247  00000-0 -68888-3 0  9996
2 48791  87.9134 240.9185 0002000  79.8245 178.7964 13.15612272 19517
ONEWEB-0227             
1 48792U 21045AB  21275.58334491 -.00040499  00000-0 -98063-1 0  9991
2 48792  87.9317 240.5827 0001873  99.9061  36.1280 13.22146946 19545
ONEWEB-0226             
1 48793U 21045AC  21274.91667824 -.00000549  00000-0 -13475-2 0  9994
2 48793  87.9357 240.8744 0001322  90.2129 169.6982 13.22457732 19414
ONEWEB-0224             
1 48794U 21045AD  21275.58334491  .00000013  00000-0  00000+0 0  9991
2 48794  87.9104 240.9084 0001979  87.7664 306.8070 13.14744508 19432
ONEWEB-0233             
1 48795U 21045AE  21274.91667824  .00000673  00000-0  17510-2 0  9996
2 48795  87.9054 240.8760 0001780 103.5902 277.5928 13.15662678  3302
ONEWEB-0190             
1 48796U 21045AF  21274.91667824  .00000579  00000-0  12913-2 0  9994
2 48796  87.9477 240.8518 0001378 111.4624  88.1936 13.25787353  3321
ONEWEB-0236             
1 48797U 21045AG  21275.25001157  .00037610  00000-0  99547-1 0  9997
2 48797  87.9103 240.9694 0002726  95.5311 120.4832 13.15489331 19367
ONEWEB-0248             
1 48798U 21045AH  21274.91667824 -.00000230  00000-0 -58852-3 0  9995
2 48798  87.9313 241.0172 0001508 147.6348 174.1696 13.21823846  3312
ONEWEB-0225             
1 48799U 21045AJ  21274.91667824  .00002141  00000-0  51037-2 0  9994
2 48799  87.9305 240.9718 0001416 113.8215 328.5478 13.22459757  3314
ONEWEB-0215             
1 48800U 21045AK  21274.91667824  .00000255  00000-0  58607-3 0  9992
2 48800  87.9316 241.0375 0001330 160.5284 188.8068 13.21773404  3308
ONEWEB-0216             
1 48801U 21045AL  21275.25001157  .00037847  00000-0  91283-1 0  9994
2 48801  87.9298 240.8687 0001628  97.1592 335.9384 13.21783862 19412
ONEWEB-0239             
1 48802U 21045AM  21275.25001157  .00037302  00000-0  90050-1 0  9992
2 48802  87.9316 240.9076 0001713 126.4859 285.3385 13.21727052 19478
ONEWEB-0249             
1 48967U 21060A   21275.25001157  .00043697  00000-0  93679-1 0  9995
2 48967  87.9702 210.6589 0006180 356.8622 173.1043 13.29604168 14696
ONEWEB-0250             
1 48968U 21060B   21274.91667824 -.00039882  00000-0 -85641-1 0  9990
2 48968  87.9682 210.7484 0004583 333.1099 318.4598 13.30162187  3363
ONEWEB-0251             
1 48969U 21060C   21275.58334491  .00023642  00000-0  73682-3 0  9995
2 48969  87.4245 204.7452 0007456 303.6342 111.3962 15.33109996 15549
ONEWEB-0252             
1 48970U 21060D   21275.25001157  .00043510  00000-0  92601-1 0  9997
2 48970  87.9693 210.7012 0009476 334.6693   4.4619 13.30079173 14749
ONEWEB-0253             
1 48971U 21060E   21274.91667824 -.00035504  00000-0 -76451-1 0  9990
2 48971  87.9692 210.8254 0003358 322.9573 174.1057 13.29950174  3362
ONEWEB-0254             
1 48972U 21060F   21274.91667824 -.00047800  00000-0 -10248+0 0  9993
2 48972  87.9677 210.7339 0006879 337.7639 173.8961 13.30317796  3366
ONEWEB-0255             
1 48973U 21060G   21275.25001157  .00042669  00000-0  91157-1 0  9999
2 48973  87.9695 210.6852 0005156 335.1336 238.3961 13.29844915 14746
ONEWEB-0256             
1 48974U 21060H   21275.58334491 -.00007073  00000-0 -15191-1 0  9992
2 48974  87.9683 210.6300 0007526 335.2473 256.6053 13.30002771 14752
ONEWEB-0257             
1 48975U 21060J   21274.91667824 -.00050702  00000-0 -10930+0 0  9999
2 48975  87.9689 210.7922 0001894 349.3539 240.8288 13.29983043  3358
ONEWEB-0258             
1 48976U 21060K   21275.58334491  .00003027  00000-0  64578-2 0  9991
2 48976  87.9697 210.6270 0003612 349.8724  69.4426 13.29965536 14712
ONEWEB-0259             
1 48977U 21060L   21275.25001157  .00035949  00000-0  76718-1 0  9992
2 48977  87.9690 210.6803 0008340 340.5677 308.9408 13.29953757 14708
ONEWEB-0260             
1 48978U 21060M   21275.58334491  .00003401  00000-0  72731-2 0  9999
2 48978  87.9700 210.6331 0004422 317.8104 158.5088 13.29836735 14727
ONEWEB-0261             
1 48979U 21060N   21275.25001157 -.00053670  00000-0 -11511+0 0  9995
2 48979  87.9669 210.6891 0010767 330.6935 158.3434 13.30321012 14752
ONEWEB-0262             
1 48980U 21060P   21275.58334491 -.00310768  00000-0 -68791+0 0  9999
2 48980  87.9686 210.5583 0009027 335.1570 350.9833 13.30124004 14768
ONEWEB-0263             
1 48981U 21060Q   21275.58334491 -.00004472  00000-0 -95676-2 0  9997
2 48981  87.9664 210.5431 0005243 329.0179 253.3414 13.30308707 14721
ONEWEB-0264             
1 48982U 21060R   21275.58334491  .00000013  00000-0  00000+0 0  9997
2 48982  87.9563 210.4568 0010372 346.2652  47.3198 13.33648041 14727
ONEWEB-0265             
1 48983U 21060S   21274.91667824 -.00048315  00000-0 -11571-2 0  9990
2 48983  87.4032 204.4944 0003879 298.5238 310.4688 15.41673918  3636
ONEWEB-0266             
1 48984U 21060T   21275.58334491  .00000720  00000-0  15184-2 0  9996
2 48984  87.9711 210.5774 0011803 336.8447 331.9110 13.29759704 14721
ONEWEB-0267             
1 48985U 21060U   21275.58334491 -.00002057  00000-0 -44516-2 0  9995
2 48985  87.9687 210.6024 0003795 342.1858 256.1921 13.29762420 14716
ONEWEB-0268             
1 48986U 21060V   21275.58334491  .00000015  00000-0  00000+0 0  9993
2 48986  87.9342 210.0977 0007212 351.8418 212.9907 13.76029645 14859
ONEWEB-0269             
1 48987U 21060W   21275.58334491 -.00083169  00000-0 -17941+0 0  9999
2 48987  87.9684 210.6032 0006097 342.3533 147.7951 13.30167061 14769
ONEWEB-0270             
1 48988U 21060X   21275.58334491  .00000013  00000-0  00000+0 0  9993
2 48988  87.9671 210.5655 0010004 300.6479 112.1059 13.32774551 14816
ONEWEB-0271             
1 48989U 21060Y   21275.58334491  .00000013  00000-0  00000+0 0  9994
2 48989  87.9678 210.6175 0008141 340.9331 130.0548 13.30528841 14791
ONEWEB-0272             
1 48990U 21060Z   21275.58334491 -.00295046  00000-0 -65086+0 0  9995
2 48990  87.9681 210.5800 0006002 337.6143  15.4422 13.30245565 14751
ONEWEB-0273             
1 48991U 21060AA  21275.58334491  .00000013  00000-0  00000+0 0  9997
2 48991  87.9669 210.5733 0011805 327.9689 308.8104 13.31263985 14727
ONEWEB-0274             
1 48992U 21060AB  21275.25001157 -.00071788  00000-0 -15583+0 0  9993
2 48992  87.9720 210.6731 0007929 347.3889   1.0179 13.29664593 14726
ONEWEB-0275             
1 48993U 21060AC  21275.58334491 -.00000153  00000-0 -33504-3 0  9995
2 48993  87.9414 210.6100 0008203 356.8547 177.4801 13.33932947 14680
ONEWEB-0276             
1 48994U 21060AD  21274.91667824 -.00052432  00000-0 -11281+0 0  9992
2 48994  87.9682 210.7768 0005966 335.4576 249.8934 13.30118495  3362
ONEWEB-0277             
1 48995U 21060AE  21275.58334491 -.00011164  00000-0 -24032-1 0  9995
2 48995  87.9693 210.6483 0002100  20.1841 172.4436 13.29845108 14690
ONEWEB-0278             
1 48996U 21060AF  21275.58334491  .00000014  00000-0  00000+0 0  9993
2 48996  87.9270 210.4802 0010629 304.0646  21.2852 13.46684997 14832
ONEWEB-0279             
1 48997U 21060AG  21275.58334491  .00000013  00000-0  00000+0 0  9993
2 48997  87.9694 210.5641 0011077 326.4003  25.8488 13.33255328 14763
ONEWEB-0280             
1 48998U 21060AH  21275.58334491 -.00002254  00000-0 -48871-2 0  9996
2 48998  87.9706 210.6016 0002859 355.0413 252.8459 13.29602380 14686
ONEWEB-0281             
1 48999U 21060AJ  21275.58334491  .00000013  00000-0  00000+0 0  9995
2 48999  87.9558 210.5584 0008952 339.3764 247.3265 13.34179948 14774
ONEWEB-0282             
1 49000U 21060AK  21274.91667824 -.00049390  00000-0 -10654+0 0  9993
2 49000  87.9699 210.8008 0005129 325.2097 180.7503 13.29926855  3363
ONEWEB-0283             
1 49001U 21060AL  21275.58334491 -.00001322  00000-0 -28629-2 0  9996
2 49001  87.9698 210.6382 0006257 314.8990 188.0643 13.29931966 14777
ONEWEB-0284             
1 49002U 21060AM  21275.58334491  .00000013  00000-0  00000+0 0  9991
2 49002  87.9637 210.5876 0006610 335.5101 219.5407 13.32147424 14742
ONEWEB-0285             
1 49075U 21075A   21275.25001157 -.00984661  00000-0 -10459+0 0  9992
2 49075  87.5244 352.1702 0019727 145.5253  94.3858 14.91835721  7575
ONEWEB-0286             
1 49076U 21075B   21275.25001157 -.00941848  00000-0 -91279-1 0  9994
2 49076  87.2291 351.7051 0021123 148.4110   1.5019 14.95290087  7599
ONEWEB-0287             
1 49077U 21075C   21274.91667824 -.00987653  00000-0 -11073+0 0  9992
2 49077  87.4527 352.2277 0021940 145.4405  93.3246 14.89648645  7514
ONEWEB-0288             
1 49078U 21075D   21275.58334491 -.00899562  00000-0 -93001-1 0  9992
2 49078  87.5252 352.0292 0020419 149.6639 277.8638 14.93102763  7639
ONEWEB-0289             
1 49079U 21075E   21274.91667824 -.00988339  00000-0 -11172+0 0  9996
2 49079  87.4460 352.1912 0022622 148.1557 172.0082 14.89307612  7501
ONEWEB-0290             
1 49080U 21075F   21275.25001157 -.00974936  00000-0 -10323+0 0  9992
2 49080  87.4542 352.0977 0024183 149.4967 160.4135 14.91839764  7564
ONEWEB-0291             
1 49081U 21075G   21275.25001157 -.01001269  00000-0 -11234+0 0  9996
2 49081  87.4562 352.0817 0020663 140.7512 341.4647 14.89684679  7580
ONEWEB-0293             
1 49082U 21075H   21275.58334491 -.00897606  00000-0 -10001+0 0  9991
2 49082  87.4542 351.9783 0023212 142.0484 204.0215 14.89608423  7617
ONEWEB-0294             
1 49083U 21075J   21275.25001157 -.00914942  00000-0 -75191-1 0  9992
2 49083  87.2558 351.6991 0023531 142.8937 317.4050 15.01927359  7608
ONEWEB-0295             
1 49084U 21075K   21275.58334491 -.00889487  00000-0 -10900+0 0  9999
2 49084  87.4451 352.0191 0021628 147.3040 251.3649 14.85771099  7597
ONEWEB-0296             
1 49085U 21075L   21274.91667824 -.00905714  00000-0 -78931-1 0  9997
2 49085  87.2465 351.8166 0023470 148.7754 266.2935 14.99675815  3609
ONEWEB-0297             
1 49086U 21075M   21275.25001157 -.00956826  00000-0 -10134+0 0  9996
2 49086  87.5236 352.1756 0020068 143.8818  95.6966 14.91863326  7582
ONEWEB-0298             
1 49087U 21075N   21275.25001157 -.01012842  00000-0 -11463+0 0  9995
2 49087  87.4541 352.0914 0021603 140.6816 269.7523 14.89351651  7577
ONEWEB-0299             
1 49088U 21075P   21275.25001157 -.01004012  00000-0 -12467+0 0  9991
2 49088  87.4354 352.1137 0020947 148.0027 223.5967 14.85589853  7544
ONEWEB-0300             
1 49089U 21075Q   21275.58334491 -.00832311  00000-0 -83654-1 0  9996
2 49089  87.5219 352.0186 0020336 148.4358 296.1997 14.93987606  7649
ONEWEB-0301             
1 49090U 21075R   21275.25001157 -.00915985  00000-0 -85932-1 0  9992
2 49090  87.2316 351.6858 0021584 146.1088 143.9977 14.96922804  7591
ONEWEB-0302             
1 49091U 21075S   21275.25001157 -.00911332  00000-0 -84528-1 0  9995
2 49091  87.2308 351.6726 0023570 142.0346 197.7798 14.97302462  7597
ONEWEB-0304             
1 49092U 21075T   21275.25001157 -.01025279  00000-0 -12598+0 0  9999
2 49092  87.4383 352.1181 0022692 150.8578 267.6008 14.86046216  7560
ONEWEB-0305             
1 49093U 21075U   21275.25001157 -.01008755  00000-0 -11416+0 0  9998
2 49093  87.4537 352.1039 0022038 141.0966 229.5575 14.89333285  7554
ONEWEB-0308             
1 49094U 21075V   21275.58334491 -.00818366  00000-0 -78942-1 0  9990
2 49094  87.2307 351.5843 0021221 146.1201  41.0624 14.95528943  7641
ONEWEB-0309             
1 49095U 21075W   21275.25001157 -.00977218  00000-0 -11720+0 0  9996
2 49095  87.4443 352.1201 0022833 150.8318  22.9616 14.86883777  7560
ONEWEB-0310             
1 49096U 21075X   21275.25001157 -.00986550  00000-0 -10220+0 0  9990
2 49096  87.5288 352.1664 0019430 149.3481 198.9973 14.92836818  7588
ONEWEB-0311             
1 49097U 21075Y   21275.58334491 -.00868189  00000-0 -90652-1 0  9993
2 49097  87.4661 351.9726 0021026 140.6591  55.7767 14.92593496  7638
ONEWEB-0312             
1 49098U 21075Z   21275.25001157 -.01010165  00000-0 -11738+0 0  9998
2 49098  87.4477 352.1103 0023205 147.2919 136.0091 14.88251163  7566
ONEWEB-0313             
1 49099U 21075AA  21274.91667824 -.00984710  00000-0 -10853+0 0  9992
2 49099  87.4542 352.2030 0020568 140.6254 306.5539 14.90350672  3596
ONEWEB-0314             
1 49100U 21075AB  21275.58334491 -.00900554  00000-0 -11178+0 0  9995
2 49100  87.4384 352.0052 0022239 149.1736 249.2502 14.85268827  7604
ONEWEB-0315             
1 49101U 21075AC  21275.25001157 -.00941762  00000-0 -95659-1 0  9994
2 49101  87.5226 352.1360 0020057 148.4563 218.4693 14.93471842  7588
ONEWEB-0316             
1 49102U 21075AD  21275.58334491 -.00824270  00000-0 -75380-1 0  9994
2 49102  87.2381 351.5639 0020622 134.4384 326.0049 14.97627932  7661
ONEWEB-0317             
1 49103U 21075AE  21275.58334491 -.00888823  00000-0 -72886-1 0  9997
2 49103  87.4974 351.9529 0019779 146.0666 219.7626 15.02009816  7635
ONEWEB-0318             
1 49104U 21075AF  21275.25001157 -.00887185  00000-0 -79450-1 0  9996
2 49104  87.2372 351.6675 0020967 131.6164   7.4076 14.98631234  7617
ONEWEB-0319             
1 49105U 21075AG  21275.25001157 -.01000523  00000-0 -11265+0 0  9999
2 49105  87.4536 352.0931 0022735 142.9594 229.7045 14.89499631  7572
ONEWEB-0323             
1 49106U 21075AH  21275.25001157 -.00935365  00000-0 -86224-1 0  9999
2 49106  87.2355 351.6872 0023300 140.2910 236.6291 14.97624489  7593
ONEWEB-0329             
1 49107U 21075AJ  21275.58334491 -.00885548  00000-0 -10673+0 0  9996
2 49107  87.4431 352.0013 0023146 149.1553 328.1510 14.86404650  7610
ONEWEB-0330             
1 49108U 21075AK  21275.25001157 -.01005820  00000-0 -10991+0 0  9992
2 49108  87.4580 352.0997 0022033 152.7856 201.1818 14.90724151  7568
ONEWEB-0292             
1 49186U 21083A   21275.25001157 -.01109839  00000-0 -52781-1 0  9997
2 49186  87.3313 322.0531 0017973 242.4967 227.9890 15.22154193  3960
ONEWEB-0303             
1 49187U 21083B   21275.25001157 -.01171732  00000-0 -57858-1 0  9999
2 49187  87.4237 322.1483 0016785 241.5075 319.8273 15.20590896  3951
ONEWEB-0306             
1 49188U 21083C   21275.25001157 -.01148176  00000-0 -53650-1 0  9992
2 49188  87.4297 322.1299 0019626 238.7305  68.8624 15.22814439  3959
ONEWEB-0307             
1 49189U 21083D   21275.58334491 -.01016551  00000-0 -51198-1 0  9995
2 49189  87.3260 321.9387 0015448 236.0007 191.8345 15.19999005  4016
ONEWEB-0320             
1 49190U 21083E   21275.25001157 -.01183742  00000-0 -59610-1 0  9995
2 49190  87.4205 322.1469 0016206 240.7238 296.0143 15.19960083  3953
ONEWEB-0321             
1 49191U 21083F   21275.25001157 -.01108886  00000-0 -51419-1 0  9991
2 49191  87.3334 322.0493 0018873 240.8265 260.5451 15.22982483  3966
ONEWEB-0322             
1 49192U 21083G   21275.25001157 -.01115181  00000-0 -53084-1 0  9998
2 49192  87.3320 322.0518 0017183 244.5528 218.7252 15.22155114  3963
ONEWEB-0324             
1 49193U 21083H   21275.25001157 -.01166618  00000-0 -57377-1 0  9999
2 49193  87.4247 322.1353 0018728 243.0370   1.2197 15.20672811  3954
ONEWEB-0325             
1 49194U 21083J   21275.25001157 -.01182240  00000-0 -59192-1 0  9996
2 49194  87.4199 322.1402 0016524 240.3987 308.3839 15.20147442  3953
ONEWEB-0326             
1 49195U 21083K   21275.58334491 -.01073324  00000-0 -51258-1 0  9990
2 49195  87.4223 322.0137 0019870 234.3639 102.4170 15.21869227  4001
ONEWEB-0327             
1 49196U 21083L   21275.25001157 -.01116900  00000-0 -56690-1 0  9998
2 49196  87.4307 322.1324 0019905 239.6177  30.3817 15.19917331  3955
ONEWEB-0328             
1 49197U 21083M   21274.91667824 -.01047493  00000-0 -48794-1 0  9996
2 49197  87.3344 322.1714 0016250 244.6883 176.1897 15.22719453  3911
ONEWEB-0331             
1 49198U 21083N   21275.58334491 -.01092595  00000-0 -52578-1 0  9990
2 49198  87.4223 322.0199 0019584 242.2950  39.3394 15.21670669  4004
ONEWEB-0333             
1 49199U 21083P   21275.58334491 -.01021246  00000-0 -50403-1 0  9991
2 49199  87.3297 321.9414 0015649 241.8567 219.8993 15.20700132  4019
ONEWEB-0334             
1 49200U 21083Q   21275.25001157 -.01118998  00000-0 -50913-1 0  9995
2 49200  87.3321 322.0375 0019073 231.8134 308.8721 15.23641075  3977
ONEWEB-0335             
1 49201U 21083R   21275.58334491 -.01023525  00000-0 -53808-1 0  9999
2 49201  87.3249 321.9500 0018761 231.2130 121.1601 15.18476086  4019
ONEWEB-0336             
1 49202U 21083S   21275.58334491 -.01022260  00000-0 -52700-1 0  9995
2 49202  87.3250 321.9450 0016411 231.3069 160.5200 15.19196238  4019
ONEWEB-0337             
1 49203U 21083T   21275.25001157 -.01082037  00000-0 -56326-1 0  9996
2 49203  87.3251 322.0665 0019354 232.8379  85.3218 15.18966474  3962
ONEWEB-0338             
1 49204U 21083U   21275.58334491 -.01033241  00000-0 -49628-1 0  9993
2 49204  87.3291 321.9294 0018473 239.7282 268.2300 15.21597448  4020
ONEWEB-0339             
1 49205U 21083V   21275.58334491 -.01031504  00000-0 -51976-1 0  9993
2 49205  87.3264 321.9378 0016332 234.4631 174.6532 15.20006862  4016
ONEWEB-0340             
1 49206U 21083W   21275.58334491 -.01073747  00000-0 -53079-1 0  9995
2 49206  87.4218 322.0247 0016951 241.7071 357.9306 15.20764887  4002
ONEWEB-0341             
1 49207U 21083X   21275.25001157 -.01178974  00000-0 -56951-1 0  9990
2 49207  87.4217 322.1364 0018217 243.5472   0.7732 15.21324806  3958
ONEWEB-0342             
1 49208U 21083Y   21275.25001157 -.01106968  00000-0 -49874-1 0  9991
2 49208  87.3356 322.0442 0019127 229.9995 322.2489 15.23935233  3974
ONEWEB-0343             
1 49209U 21083Z   21275.25001157 -.01164704  00000-0 -54664-1 0  9997
2 49209  87.4366 322.1438 0019838 238.4825  55.5934 15.22705458  3951
ONEWEB-0344             
1 49210U 21083AA  21275.58334491 -.01032348  00000-0 -54117-1 0  9996
2 49210  87.3215 321.9438 0018407 230.6562 131.0834 15.18607236  4012
ONEWEB-0345             
1 49211U 21083AB  21275.25001157 -.01106876  00000-0 -56519-1 0  9997
2 49211  87.3274 322.0648 0017701 231.4789 122.3775 15.19734619  3966
ONEWEB-0346             
1 49212U 21083AC  21275.25001157 -.01181837  00000-0 -58096-1 0  9990
2 49212  87.4224 322.1398 0017535 244.5346 334.2026 15.20751754  3958
ONEWEB-0348             
1 49213U 21083AD  21275.58334491 -.01015758  00000-0 -47128-1 0  9999
2 49213  87.3334 321.9314 0019211 232.1208 323.8005 15.22702475  4026
ONEWEB-0350             
1 49214U 21083AE  21274.91667824 -.01049317  00000-0 -50619-1 0  9992
2 49214  87.3331 322.1785 0015251 240.9539 144.3512 15.21562195  3911
ONEWEB-0351             
1 49215U 21083AF  21275.58334491 -.01020749  00000-0 -45520-1 0  9991
2 49215  87.3328 321.9177 0016682 221.0727  50.7704 15.24100313  4038
ONEWEB-0352             
1 49216U 21083AG  21275.58334491 -.01028526  00000-0 -52339-1 0  9999
2 49216  87.3262 321.9453 0016035 234.4925 182.0690 15.19667121  4013
ONEWEB-0354             
1 49217U 21083AH  21275.58334491 -.01012691  00000-0 -40787-1 0  9990
2 49217  87.3494 321.9227 0017325 223.1926 100.6748 15.27434585  4036
ONEWEB-0355             
1 49218U 21083AJ  21275.58334491 -.01022003  00000-0 -50726-1 0  9993
2 49218  87.3252 321.9324 0015241 241.1470 206.7282 15.20517531  4011
ONEWEB-0357             
1 49219U 21083AK  21275.25001157 -.01110034  00000-0 -50958-1 0  9997
2 49219  87.3331 322.0437 0018707 236.7968 283.9061 15.23326412  3974
