SCD 1                   
1 22490U 93009B   21274.66271272  .00000270  00000-0  24307-4 0  9996
2 22490  24.9713   9.9828 0042897 323.6646 148.6593 14.44621747512094
TECHSAT 1B (GO-32)      
1 25397U 98043D   21274.80759389  .00000008  00000-0  22842-4 0  9995
2 25397  98.7798 220.1087 0002165 113.2587 246.8820 14.23716798206621
SCD 2                   
1 25504U 98060A   21274.59912744  .00000272  00000-0  26013-4 0  9993
2 25504  24.9949 223.4118 0017066 334.9865 186.5010 14.44137296211381
LANDSAT 7               
1 25682U 99020A   21275.07952518 -.00000267  00000-0 -49510-4 0  9997
2 25682  98.0204 328.1064 0001314 102.1785 257.9554 14.57204459194928
DLR-TUBSAT              
1 25757U 99029B   21275.38148909 -.00000001  00000-0  11349-4 0  9998
2 25757  98.4567 210.8570 0014350 181.5639 178.5513 14.51451799183947
TERRA                   
1 25994U 99068A   21275.07621896  .00000110  00000-0  34252-4 0  9999
2 25994  98.1677 347.5034 0001354  91.6792 330.3090 14.57132924158990
MAROC-TUBSAT            
1 27004U 01056D   21274.90181331 -.00000029  00000-0  18255-4 0  9994
2 27004  99.5876  50.8219 0019165 237.6184 235.2911 13.70148910990732
AQUA                    
1 27424U 02022A   21275.12055556  .00000232  00000-0  61571-4 0  9992
2 27424  98.2160 214.9456 0001177  38.1407 138.3192 14.57110355 32607
IRS-P6 (RESOURCESAT-1)  
1 28051U 03046A   21275.39355210  .00000028  00000-0  24771-4 0  9999
2 28051  98.4380 348.0152 0059558  65.7785 294.9610 14.34187028934031
SHIYAN 1 (SY-1)         
1 28220U 04012A   21274.97066623  .00002009  00000-0  16372-3 0  9999
2 28220  97.9131 255.8972 0016992 120.7754 239.5144 15.00564820951427
FORMOSAT-2 (ROCSAT 2)   
1 28254U 04018A   21275.49442981  .00000261  00000-0  20301-3 0  9990
2 28254  98.6685 292.1473 0001670  73.6421  45.5207 14.00664015888149
AURA                    
1 28376U 04026A   21274.81786392  .00000219  00000-0  58673-4 0  9993
2 28376  98.2099 216.8090 0001129  83.1642 276.9684 14.57102995915569
IRS-P5 (CARTOSAT-1)     
1 28649U 05017A   21275.43610367  .00000216  00000-0  32244-4 0  9997
2 28649  97.7574 338.6731 0001550  38.5127 321.6198 14.83826379888496
SINAH 1                 
1 28893U 05043D   21274.89690605  .00000084  00000-0  26222-4 0  9991
2 28893  98.0826  38.8934 0013923 262.7509  97.2109 14.61587378849187
EROS B                  
1 29079U 06014A   21275.50946014  .00005201  00000-0  21780-3 0  9993
2 29079  97.4161  34.5516 0008796  99.3014 327.7900 15.23949123857093
RESURS-DK 1             
1 29228U 06021A   21274.85207919  .00000520  00000-0  46122-4 0  9995
2 29228  69.9351  67.7603 0001565 114.4901 245.6423 15.02760451843523
ARIRANG-2 (KOMPSAT-2)   
1 29268U 06031A   21275.52117412  .00000187  00000-0  45793-4 0  9995
2 29268  97.9229 150.5554 0018403 104.0235 256.3016 14.62395876810208
LAPAN-TUBSAT            
1 29709U 07001A   21275.43509428  .00000159  00000-0  26547-4 0  9990
2 29709  97.9255 234.7748 0013501  21.3553 338.8222 14.82310304796286
CARTOSAT-2 (IRS-P7)     
1 29710U 07001B   21274.83109285  .00007641  00000-0  23062-3 0  9993
2 29710  97.8706   2.1396 0167035 238.2638 120.2226 15.21934748796824
HAIYANG-1B              
1 31113U 07010A   21274.85434337  .00000007  00000-0  18697-4 0  9992
2 31113  98.3492 305.8192 0012654 257.2131 102.7638 14.30278532754809
COSMO-SKYMED 1          
1 31598U 07023A   21275.51159677 -.00000058  00000-0 -71254-6 0  9996
2 31598  97.8931  97.9043 0001297  91.4986 268.6379 14.82152141774753
TERRASAR-X              
1 31698U 07026A   21275.51861225 -.00000565  00000-0 -23734-4 0  9990
2 31698  97.4460 281.8150 0001945  83.0093  68.5333 15.19147585792963
WORLDVIEW-1 (WV-1)      
1 32060U 07041A   21275.06184655  .00002817  00000-0  11799-3 0  9993
2 32060  97.3833  33.0862 0000860 292.5760  67.5387 15.24355762781117
YAOGAN 3                
1 32289U 07055A   21275.47941997  .00000053  00000-0  13654-4 0  9999
2 32289  97.9706 294.2085 0001038  95.0350 265.1001 14.81119761750857
COSMO-SKYMED 2          
1 32376U 07059A   21275.47784477  .00000373  00000-0  53369-4 0  9990
2 32376  97.8926  97.8774 0001414  88.4146 271.7248 14.82156880747492
RADARSAT-2              
1 32382U 07061A   21275.51354988  .00000011  00000-0  21337-4 0  9994
2 32382  98.5790 281.2083 0001166  96.4738  54.9423 14.29983998720438
CARTOSAT-2A             
1 32783U 08021A   21275.46005068  .00000169  00000-0  30308-4 0  9994
2 32783  97.9953 332.8869 0011375 281.0291  78.9649 14.78625380724893
HUANJING 1A (HJ-1A)     
1 33320U 08041A   21275.36973152  .00000125  00000-0  24284-4 0  9999
2 33320  97.7130 315.0771 0021110 354.9360   5.1636 14.77680052704270
HUANJING 1B (HJ-1B)     
1 33321U 08041B   21275.41766788  .00000242  00000-0  40627-4 0  9990
2 33321  97.7331 318.1587 0035121  10.9190 349.2778 14.77428283704286
GEOEYE 1                
1 33331U 08042A   21275.49586223  .00000103  00000-0  28456-4 0  9996
2 33331  98.1410 348.8237 0008985  15.1977 344.9495 14.64358712698612
THEOS                   
1 33396U 08049A   21275.48007438  .00000169  00000-0  10000-3 0  9996
2 33396  98.6805 341.0904 0001010 110.2387 339.8612 14.20053198674054
COSMO-SKYMED 3          
1 33412U 08054A   21275.52846488 -.00000034  00000-0  23042-5 0  9996
2 33412  97.8928  97.9195 0001384  86.1332 274.0062 14.82153742699964
YAOGAN 4                
1 33446U 08061A   21275.44261230  .00000191  00000-0  34028-4 0  9996
2 33446  97.7844 218.9332 0014904 248.4380 111.5242 14.77148959691508
GOSAT (IBUKI)           
1 33492U 09002A   21274.86758038  .00000238  00000-0  50439-4 0  9991
2 33492  98.0967  25.3303 0001435  82.7845 277.3523 14.67534066679299
YAOGAN 6                
1 34839U 09021A   21275.45414118  .00001602  00000-0  60981-4 0  9991
2 34839  97.0575 263.6473 0028535 135.4833 224.8707 15.27744841691844
DEIMOS-1                
1 35681U 09041A   21275.49046392  .00000017  00000-0  10034-4 0  9991
2 35681  97.7429 134.3565 0001555  30.8688 329.2619 14.71916191653825
DUBAISAT-1              
1 35682U 09041B   21275.42560756  .00000114  00000-0  27316-4 0  9999
2 35682  97.7720  75.7529 0011187 169.4525 190.6972 14.68922734652400
OCEANSAT-2              
1 35931U 09051A   21275.44668905 -.00000037  00000-0  17063-5 0  9998
2 35931  98.2944   9.9816 0002649  21.4568 338.6741 14.51002860636856
WORLDVIEW-2 (WV-2)      
1 35946U 09055A   21275.48450399  .00000015  00000-0  19494-4 0  9992
2 35946  98.4772 348.6422 0002118  72.5690 287.5734 14.37675123628849
SMOS                    
1 36036U 09059A   21275.06138697  .00000077  00000-0  38506-4 0  9998
2 36036  98.4444 101.3090 0001256  82.3670 277.7661 14.39756714626228
YAOGAN 7                
1 36110U 09069A   21275.44622290  .00000133  00000-0  27367-4 0  9997
2 36110  98.2248 126.3346 0024902 144.6052 215.6822 14.75516183636091
TANDEM-X                
1 36605U 10030A   21273.72758102  .00007467  00000-0  35840-3 0  9998
2 36605  97.4469 280.0516 0002111  88.1548 354.6029 15.19151008625432
CARTOSAT-2B             
1 36795U 10035A   21275.43085215  .00000131  00000-0  25049-4 0  9993
2 36795  97.9897 333.1091 0013972   3.8045 356.3275 14.78638417605936
YAOGAN 10               
1 36834U 10038A   21275.47507898  .00000126  00000-0  23102-4 0  9992
2 36834  97.9816 282.4909 0001169  82.2117 277.9230 14.81076924602592
COSMO-SKYMED 4          
1 37216U 10060A   21275.42297150  .00000086  00000-0  17422-4 0  9997
2 37216  97.8929  97.8137 0001297  83.5433 276.5934 14.82155115590031
RESOURCESAT-2           
1 37387U 11015A   21275.46592082 -.00000343  00000-0 -13650-3 0  9999
2 37387  98.6330 347.2911 0005131  94.4813 265.6915 14.21656913542503
HAIYANG-2A              
1 37781U 11043A   21275.45496736 -.00000009  00000-0  34427-4 0  9990
2 37781  99.3183 280.8202 0001230 125.9308 234.1958 13.78723702510083
RASAT                   
1 37791U 11044D   21275.45606443  .00000084  00000-0  24705-4 0  9990
2 37791  98.1029   7.4275 0021020 220.9061 139.0566 14.64856189541347
MEGHA-TROPIQUES         
1 37838U 11058A   21274.78671861  .00000524  00000-0  14592-3 0  9999
2 37838  19.9792  47.9979 0010813 327.1381  32.8351 14.09795512447236
SRMSAT                  
1 37841U 11058D   21274.65886039  .00000328  00000-0  34997-4 0  9998
2 37841  19.9735  19.1614 0011996  20.9539   9.3325 14.10705419514650
YAOGAN 13               
1 37941U 11072A   21275.47835490  .00001707  00000-0  84526-4 0  9996
2 37941  97.5968 218.1529 0001388 151.9152 344.6987 15.19175189545611
PLEIADES 1A             
1 38012U 11076F   21275.43862281  .00000027  00000-0  15637-4 0  9995
2 38012  98.1923 349.2523 0001533  86.1698 273.9677 14.58559708521467
ZIYUAN 1-02C (ZY 1-02C) 
1 38038U 11079A   21275.43158603  .00000071  00000-0  40375-4 0  9998
2 38038  98.6274 335.7345 0006158 316.5586  43.5116 14.35284257512474
ZIYUAN 3-1 (ZY 3-1)     
1 38046U 12001A   21275.53954343  .00001815  00000-0  84167-4 0  9993
2 38046  97.3721 347.3798 0001965  15.1663  93.1094 15.21308755540390
ARIRANG-3 (KOMPSAT-3)   
1 38338U 12025B   21275.38547002  .00000121  00000-0  33591-4 0  9990
2 38338  98.1488 213.5872 0012211 100.1924 260.0651 14.61738131500276
KANOPUS-V 1             
1 38707U 12039A   21275.53498223  .00001559  00000-0  75635-4 0  9993
2 38707  97.4603 194.9298 0001652  81.9852  90.8351 15.19981253510191
EXACTVIEW-1 (ADS-1B)    
1 38709U 12039C   21275.42075785  .00000006  00000-0  23007-4 0  9999
2 38709  99.0486 330.0166 0011999  81.2298 279.0238 14.24060108478010
SPOT 6                  
1 38755U 12047A   21275.45444790  .00000011  00000-0  12241-4 0  9992
2 38755  98.1913 341.7148 0001046  92.5555 267.5767 14.58557532482549
PLEIADES 1B             
1 39019U 12068A   21275.47308017  .00000024  00000-0  14945-4 0  9999
2 39019  98.1875 349.2992 0001498  78.9747 281.1625 14.58556644470323
GOKTURK 2               
1 39030U 12073A   21275.42003449  .00000094  00000-0  22287-4 0  9999
2 39030  97.8866 157.3440 0002811  77.5696 282.5827 14.72838276471371
LANDSAT 8               
1 39084U 13008A   21275.43327046  .00000082  00000-0  28281-4 0  9997
2 39084  98.2156 344.5350 0001175 104.2379 255.8950 14.57105450459421
SARAL                   
1 39086U 13009A   21274.87141840  .00000027  00000-0  26358-4 0  9995
2 39086  98.5476  99.3372 0000687  35.8974 324.2255 14.32062182449477
GAOFEN 1                
1 39150U 13018A   21275.44811113  .00000111  00000-0  22995-4 0  9995
2 39150  97.8219 344.9613 0019686  37.4618 322.7971 14.76572486454661
VNREDSAT 1              
1 39160U 13021B   21275.31455578  .00000491  00000-0  10498-3 0  9990
2 39160  98.1060 350.7237 0001392 100.4469 259.6897 14.62928662448874
ARIRANG-5 (KOMPSAT-5)   
1 39227U 13042A   21275.53284016 -.00000851  00000-0 -56501-4 0  9996
2 39227  97.6292  99.4787 0001219 104.7346 320.2789 15.04497464445505
SKYSAT-A                
1 39418U 13066C   21275.45811366  .00000037  00000-0  77975-5 0  9992
2 39418  97.5831 349.5618 0021871  49.3875 310.9247 14.99242817429997
DUBAISAT-2              
1 39419U 13066D   21275.35559174  .00000878  00000-0  86349-4 0  9995
2 39419  97.4809 314.9927 0015392  67.3372 292.9455 14.94406009428645
GPM-CORE                
1 39574U 14009C   21274.86706553  .00009801  00000-0  14504-3 0  9993
2 39574  65.0071 348.1835 0011360 286.3451  73.6446 15.55737011431374
SENTINEL-1A             
1 39634U 14016A   21275.41907499 -.00000025  00000-0  44731-5 0  9999
2 39634  98.1820 281.6742 0001292  77.0984 283.0364 14.59198366399395
KAZEOSAT 1              
1 39731U 14024A   21275.35960210  .00000027  00000-0  21734-4 0  9997
2 39731  98.4938 347.6273 0001101  77.0466 283.0847 14.41974735390897
ALOS-2                  
1 39766U 14029A   21275.52080559  .00000021  00000-0  97401-5 0  9997
2 39766  97.9219  11.3504 0001445  88.3873 271.7503 14.79472035397494
KAZEOSAT 2              
1 40010U 14033A   21275.47252347  .00000089  00000-0  17686-4 0  9996
2 40010  97.7509 164.2096 0014954 197.7288 162.3407 14.82090793394234
HODOYOSHI-4             
1 40011U 14033B   21275.44294232  .00000222  00000-0  34798-4 0  9995
2 40011  97.7113 153.8080 0026014 198.6582 161.3683 14.81360260393894
DEIMOS-2                
1 40013U 14033D   21275.44310833  .00000418  00000-0  55241-4 0  9996
2 40013  97.7778 173.8744 0000458 112.1187 248.0072 14.84896445394908
HODOYOSHI-3             
1 40015U 14033F   21275.12676154  .00000162  00000-0  28750-4 0  9995
2 40015  97.6718 136.5571 0035870 223.3268 136.5122 14.78696714393151
SPOT 7                  
1 40053U 14034A   21275.41988799  .00000005  00000-0  11025-4 0  9994
2 40053  98.2075 341.6310 0001040  77.9259 282.2059 14.58549344386470
SKYSAT-B                
1 40072U 14037D   21274.83561621  .00000243  00000-0  38560-4 0  9991
2 40072  98.4420 125.0293 0007604  68.8714 291.3309 14.81458218390950
WORLDVIEW-3 (WV-3)      
1 40115U 14048A   21275.45965659  .00000237  00000-0  33987-4 0  9990
2 40115  97.8361 348.7090 0001427 160.0584 200.0692 14.85082960386858
GAOFEN 2                
1 40118U 14049A   21275.42707945  .00000202  00000-0  32811-4 0  9990
2 40118  97.7949 346.7114 0009010  76.5819 283.6399 14.80689992384914
YAOGAN 21               
1 40143U 14053A   21275.49988244  .00002293  00000-0  98466-4 0  9993
2 40143  97.3851 342.4904 0017277  50.5936  45.0747 15.23585122393270
YAOGAN 22               
1 40275U 14063A   21275.43474683 -.00000027  00000-0  47166-4 0  9996
2 40275 100.5421  31.9400 0006962 110.9415 249.2447 13.15431347333827
ASNARO                  
1 40298U 14070A   21275.48334012  .00010359  00000-0  49050-3 0  9996
2 40298  97.4901 355.0257 0002133  93.8690 284.3963 15.19524053383022
HODOYOSHI-1             
1 40299U 14070B   21275.53330931  .00001881  00000-0  78096-4 0  9992
2 40299  97.2771 346.1806 0012018 336.8298 131.3172 15.24984145383733
QSAT-EOS                
1 40301U 14070D   21275.54183311  .00005351  00000-0  18848-3 0  9999
2 40301  97.2438 344.4463 0022529 315.1451 151.6073 15.29481117384020
YAOGAN 23               
1 40305U 14071A   21275.51459523  .00002562  00000-0  12518-3 0  9991
2 40305  97.5706 220.3133 0001338  64.7511  46.6920 15.19173066381379
YAOGAN 24               
1 40310U 14072A   21275.47443275  .00000184  00000-0  33945-4 0  9996
2 40310  97.9494  34.5711 0019880  31.4575 328.7818 14.76236684370176
CBERS 4                 
1 40336U 14079A   21275.43609097  .00000000  00000-0  15205-4 0  9999
2 40336  98.5136 348.1448 0001628 107.6781 252.4581 14.35434979357392
RESURS P2               
1 40360U 14087A   21275.51448514  .00002082  00000-0  64464-4 0  9992
2 40360  97.2240   0.7941 0008053 301.0151  69.3255 15.34548887378682
YAOGAN 26               
1 40362U 14088A   21275.48863213  .00002291  00000-0  98241-4 0  9990
2 40362  97.1888 331.6772 0006541 258.3743 209.6431 15.23698760376744
SMAP                    
1 40376U 15003A   21275.45520881  .00000119  00000-0  32027-4 0  9998
2 40376  98.1263 281.0580 0000932  76.5074 283.6232 14.63361461356250
KOMPSAT-3A              
1 40536U 15014A   21275.47470693  .00000937  00000-0  57999-4 0  9998
2 40536  97.5410 215.8474 0002068 357.4810 138.7559 15.12208274360055
SENTINEL-2A             
1 40697U 15028A   21275.50127317  .00000022  00000-0  24937-4 0  9998
2 40697  98.5706 348.9631 0001169  90.5666 269.5652 14.30815617327964
GAOFEN 8                
1 40701U 15030A   21275.59756944  .00003373  00000-0  14470-3 0  9992
2 40701  97.5282  43.8055 0005240 301.0636 254.2231 15.23422563349123
CARBONITE 1 (CBNT-1)    
1 40718U 15032D   21275.36844748  .00000293  00000-0  50603-4 0  9994
2 40718  97.7706 145.4411 0017670 125.6272 234.6591 14.75019147335374
YAOGAN 27               
1 40878U 15040A   21275.42988132 -.00000021  00000-0  58662-4 0  9996
2 40878 100.1684 312.7753 0008163 214.8822 145.1756 13.15969748293097
GAOFEN 9-01             
1 40894U 15047A   21275.43758263  .00000113  00000-0  23480-4 0  9993
2 40894  97.8483 348.5762 0032303 326.5264  33.3906 14.76327284326111
LAPAN-A2                
1 40931U 15052B   21275.25632100  .00000823  00000-0  25615-4 0  9992
2 40931   5.9979 210.6589 0012310 113.6951 246.4467 14.76692757325111
YAOGAN 28               
1 41026U 15064A   21275.58053506  .00002332  00000-0  10079-3 0  9998
2 41026  97.5188  52.2307 0001624 103.9306 318.4630 15.23488801328971
YAOGAN 29               
1 41038U 15069A   21275.39485994  .00000067  00000-0  15770-4 0  9992
2 41038  98.0454 269.6516 0001700 111.7168 248.4228 14.80527349316100
KENT RIDGE 1            
1 41167U 15077B   21275.50479167  .00001283  00000-0  37879-4 0  9997
2 41167  14.9792 287.8754 0011004  49.2926 195.2794 15.09431026320207
TELEOS 1                
1 41169U 15077D   21275.17728379  .00002443  00000-0  10220-3 0  9993
2 41169  14.9775 266.4094 0009914  86.2203 273.9261 15.11272813320377
GAOFEN 4                
1 41194U 15083A   21274.93026608 -.00000338  00000-0  00000-0 0  9991
2 41194   0.0696 297.0003 0003926 286.2500 228.2464  1.00272627 21284
JASON-3                 
1 41240U 16002A   21275.47772137 -.00000031  00000-0  12976-3 0  9998
2 41240  66.0387 104.7243 0007509 267.9394  92.0761 12.80930590267002
SENTINEL-3A             
1 41335U 16011A   21275.47356412  .00000013  00000-0  23250-4 0  9994
2 41335  98.6301 341.4695 0000891 108.6286 251.4991 14.26735651292987
SENTINEL-1B             
1 41456U 16025A   21275.38430434 -.00000055  00000-0 -19686-5 0  9997
2 41456  98.1820 281.4659 0001322  80.4659 279.6688 14.59198128289558
ZIYUAN 3-2 (ZY 3-2)     
1 41556U 16033A   21275.49754971  .00001883  00000-0  86944-4 0  9992
2 41556  97.3162 344.8310 0002942 133.3164 320.8241 15.21404496296689
NUSAT-1 (FRESCO)        
1 41557U 16033B   21275.53921573  .00004585  00000-0  16013-3 0  9993
2 41557  97.3931   8.9154 0011926 209.1565 209.7774 15.30019184297905
NUSAT-2 (BATATA)        
1 41558U 16033C   21275.52379720  .00004963  00000-0  16227-3 0  9991
2 41558  97.4055  13.2276 0011149 200.8272 215.9130 15.32131430298118
CARTOSAT-2C             
1 41599U 16040A   21275.43936343  .00001344  00000-0  66797-4 0  9992
2 41599  97.3884 332.5560 0014071   9.7038 198.4993 15.19271777292758
SKYSAT-C1               
1 41601U 16040C   21274.78167221  .00005594  00000-0  14289-3 0  9993
2 41601  97.1843 350.3136 0000875 114.6413 245.4924 15.39867020294182
LAPAN-A3                
1 41603U 16040E   21275.50533964  .00000561  00000-0  28948-4 0  9994
2 41603  97.2448 318.3111 0013240 354.5309 141.4954 15.20113514292843
BIROS                   
1 41604U 16040F   21274.85889094  .00001630  00000-0  72574-4 0  9992
2 41604  97.2514 323.7039 0011179 333.3598  26.7063 15.22798703293096
GAOFEN 3                
1 41727U 16049A   21275.45166301 -.00000024  00000-0  58194-5 0  9993
2 41727  98.4121 282.4369 0001490  56.2920 303.8414 14.42213757270907
SKYSAT-C4               
1 41771U 16058B   21275.45733370  .00004144  00000-0  10714-3 0  9998
2 41771  97.1569 341.9818 0001911 103.0287 257.1173 15.39649261281245
SKYSAT-C5               
1 41772U 16058C   21275.45951752  .00001691  00000-0  71036-4 0  9994
2 41772  97.3028 340.8138 0001930  86.9350 273.2109 15.24787223280446
SKYSAT-C2               
1 41773U 16058D   21275.49235204  .00004223  00000-0  10878-3 0  9996
2 41773  97.1577 342.3831 0002578  90.8478 269.3064 15.39749019281270
SKYSAT-C3               
1 41774U 16058E   21274.73005157  .00005236  00000-0  13479-3 0  9990
2 41774  97.1572 341.5690 0001920 101.1928 258.9534 15.39653918281140
ALSAT 1B                
1 41785U 16059C   21275.61274420  .00027692  00000-0  52671-2 0  9998
2 41785  97.9477 322.3834 0028193 263.0124  96.6515 14.63795601267959
PATHFINDER 1            
1 41787U 16059E   21275.39483650  .00000098  00000-0  27570-4 0  9995
2 41787  97.9530 323.7896 0029105 262.8136  96.9750 14.63841902267981
SCATSAT 1               
1 41790U 16059H   21275.40159889  .00000038  00000-0  21009-4 0  9990
2 41790  98.3587 316.6598 0004041 277.8698  82.2039 14.50827115265659
WORLDVIEW-4             
1 41848U 16067A   21274.83657025  .00137053  90747-5  48944-3 0  9990
2 41848  97.8003  78.7347 0007200 168.8567 191.2865 15.88859435270423
GOKTURK 1A              
1 41875U 16073A   21275.39198045  .00000075  00000-0  23869-4 0  9992
2 41875  98.1543 168.6881 0001525  69.4900 290.6455 14.62763071257558
RESOURCESAT-2A          
1 41877U 16074A   21275.43385726  .00000031  00000-0  34042-4 0  9991
2 41877  98.7473 348.4455 0001743  38.7462 321.3841 14.21617229250100
CARTOSAT-2D             
1 41948U 17008A   21274.91205963  .00001221  00000-0  61103-4 0  9994
2 41948  97.4307 333.6011 0008088 142.1908 217.9889 15.19258654256546
SENTINEL-2B             
1 42063U 17013A   21275.39631826  .00000028  00000-0  27202-4 0  9999
2 42063  98.5709 348.8386 0000869  89.3197 270.8090 14.30814702238868
ZHUHAI-1 02 (CAS-4B)    
1 42759U 17034B   21275.51050894  .00001329  00000-0  92695-4 0  9991
2 42759  43.0187 312.4480 0006783 114.7481  30.2181 15.10406173237335
NUSAT-3 (MILANESAT)     
1 42760U 17034C   21275.43836578  .00001332  00000-0  91420-4 0  9994
2 42760  43.0167 309.2118 0006581 143.6924 351.2727 15.11014635237371
ZHUHAI-1 01 (CAS-4A)    
1 42761U 17034D   21275.49460304  .00001235  00000-0  86905-4 0  9995
2 42761  43.0191 311.5120 0007182 116.9580  24.4302 15.10492592237332
CARTOSAT-2E             
1 42767U 17036C   21275.47150808  .00001365  00000-0  68040-4 0  9990
2 42767  97.4930 333.7292 0008080 187.9573 267.7129 15.19226642237199
FORMOSAT-5              
1 42920U 17049A   21274.82002057 -.00000001  00000-0  10975-4 0  9996
2 42920  98.2642 352.3811 0009778 330.9553  29.1084 14.50869712217368
SENTINEL-5P             
1 42969U 17064A   21274.86430853  .00000001  00000-0  21301-4 0  9993
2 42969  98.7435 213.3765 0000995  80.6512 279.4777 14.19538264205632
SKYSAT-C11              
1 42987U 17068A   21274.86197027  .00006925  00000-0  17256-3 0  9994
2 42987  97.2694  30.1366 0010210 140.7329 219.4660 15.40493937218596
SKYSAT-C10              
1 42988U 17068B   21275.36454946  .00005163  00000-0  12913-3 0  9995
2 42988  97.2736  30.6857 0002685 169.7355 190.3947 15.40559016218698
SKYSAT-C9               
1 42989U 17068C   21274.84051179  .00006433  00000-0  16089-3 0  9998
2 42989  97.2687  29.4901 0002413  64.8813 295.2684 15.40461804218806
SKYSAT-C8               
1 42990U 17068D   21275.41316454  .00005183  00000-0  12972-3 0  9992
2 42990  97.2741  31.1184 0002073 117.1227 243.0231 15.40534254218725
SKYSAT-C7               
1 42991U 17068E   21274.87954673  .00006460  00000-0  16087-3 0  9993
2 42991  97.2744  30.6236 0000462 100.9966 259.1333 15.40593901218647
SKYSAT-C6               
1 42992U 17068F   21274.86798273  .00006626  00000-0  16481-3 0  9997
2 42992  97.2764  30.9284 0002316  63.7598 296.3886 15.40615561218657
CARTOSAT-2F             
1 43111U 18004A   21275.50673740  .00001237  00000-0  61977-4 0  9999
2 43111  97.4876 333.8658 0003912 192.2578 276.2417 15.19246825206389
NUSAT-4 (ADA)           
1 43195U 18015D   21275.54539602  .00004258  00000-0  16644-3 0  9991
2 43195  97.5008  49.3893 0015338 234.5060 187.9162 15.26315949203856
NUSAT-5 (MARYAM)        
1 43204U 18015K   21275.52841627  .00004435  00000-0  17195-3 0  9992
2 43204  97.5018  49.7946 0014830 236.3948 187.9267 15.26574308203472
GAOFEN 1-02             
1 43259U 18031A   21275.45925686  .00000179  00000-0  32889-4 0  9999
2 43259  97.9260 352.2413 0004998 112.2337 247.9411 14.76519299189073
GAOFEN 1-03             
1 43260U 18031B   21275.43765712 -.00001071  00000-0 -14650-3 0  9990
2 43260  97.9258 352.2024 0005344 174.7359 185.3898 14.76511299189068
GAOFEN 1-04             
1 43262U 18031D   21275.48066531 -.00001024  00000-0 -13983-3 0  9996
2 43262  97.9262 352.2574 0005592 129.9175 230.2525 14.76511303189061
SENTINEL-3B             
1 43437U 18039A   21274.81504263 -.00000012  00000-0  12990-4 0  9996
2 43437  98.6196 340.7978 0000696 102.5094 257.6164 14.26739105178951
GAOFEN 5                
1 43461U 18043A   21275.43281293  .00000098  00000-0  31413-4 0  9996
2 43461  98.2378 212.8812 0002703  37.0434 323.0941 14.57843143181062
GAOFEN 6                
1 43484U 18048A   21275.44219320  .00000137  00000-0  27006-4 0  9996
2 43484  97.9522 355.0746 0008811 324.1337  35.9280 14.76515262179766
GAOFEN 11-1             
1 43585U 18063A   21275.51072037  .00001950  00000-0  84420-4 0  9992
2 43585  97.3459 352.4786 0013646   3.9192  90.9303 15.23526654177113
AEOLUS                  
1 43600U 18066A   21275.06638294  .00067179  00000-0  26616-3 0  9993
2 43600  96.7162 280.2328 0008313  98.0934 262.1282 15.86516141180155
ICESAT-2                
1 43613U 18070A   21274.87594424  .00004691  00000-0  17044-3 0  9991
2 43613  92.0050 188.4569 0002489  81.3743 278.7788 15.28256396169881
HYSIS                   
1 43719U 18096A   21275.41095369  .00000217  00000-0  36789-4 0  9999
2 43719  97.9935 338.8315 0001183 345.7955  14.3218 14.78623209153415
KAZSTSAT                
1 43783U 18099AB  21274.74143528  .00000541  00000-0  56414-4 0  9996
2 43783  97.6662 342.0069 0009419  59.3087 300.9060 14.93699127154180
SAUDISAT 5A             
1 43831U 18102A   21275.28877851  .00001151  00000-0  77873-4 0  9998
2 43831  97.5270 349.0378 0013780 349.3173  97.2141 15.08412052155254
SAUDISAT 5B             
1 43833U 18102C   21275.32129900  .00000133  00000-0  12436-4 0  9993
2 43833  97.5271 349.7822 0015240 355.9841  90.9264 15.08843172155297
GAOFEN 10R              
1 44622U 19066A   21275.42494767  .00000321  00000-0  48555-4 0  9997
2 44622  97.8619 214.2043 0001562  93.1405 266.9983 14.80593558107821
CARTOSAT-3              
1 44804U 19081A   21275.52357240  .00001079  00000-0  54317-4 0  9995
2 44804  97.4360 336.7841 0014350  42.4592  66.9650 15.19244668102474
GAOFEN 12-1             
1 44819U 19082A   21275.38688895  .00000070  00000-0  15875-4 0  9995
2 44819  97.8821 295.7714 0000833  84.1026 276.0285 14.80280741 99769
NUSAT-7 (SOPHIE)        
1 45017U 20003B   21275.24587087  .00003938  00000-0  13424-3 0  9990
2 45017  97.2537 337.9299 0013061 195.7854 205.2907 15.30867762 95682
NUSAT-8 (MARIE)         
1 45018U 20003C   21275.42485470  .00004745  00000-0  15146-3 0  9994
2 45018  97.2666 338.4794 0011451 197.8225 171.4284 15.32905512 95699
NUSAT-6 (HYPATIA)       
1 46272U 20061A   21274.89888319  .00002427  00000-0  10788-3 0  9992
2 46272  97.3603 346.4281 0005693 263.6887  96.3703 15.22444843 59865
NEMO-HD                 
1 46277U 20061F   21275.53856928  .00000990  00000-0  54176-4 0  9993
2 46277  97.4234 347.0884 0002126  42.1676  66.0923 15.16507518 59760
NUSAT-12 (DOROTHY)      
1 46827U 20079A   21275.28359273  .00005323  00000-0  17248-3 0  9999
2 46827  97.2318 346.1514 0010473 141.5146 259.0971 15.32371314 50525
NUSAT-9 (ALICE)         
1 46828U 20079B   21275.29130833  .00004952  00000-0  15842-3 0  9995
2 46828  97.2176 346.1040 0003628 161.0072 239.4032 15.32857379 50554
NUSAT-11 (CORA)         
1 46829U 20079C   21275.57531586  .00005064  00000-0  16168-3 0  9994
2 46829  97.2242 346.4491 0008375 152.1426 314.2551 15.32893060 50588
NUSAT-15 (KATHERINE)    
1 46830U 20079D   21275.55523887  .00004920  00000-0  15736-3 0  9999
2 46830  97.2380 347.1005 0005860 123.4078 343.7343 15.32866929 50593
NUSAT-14 (HEDY)         
1 46831U 20079E   21275.49826563  .00004772  00000-0  15244-3 0  9999
2 46831  97.2337 346.7447 0009590 149.8766 305.1962 15.32892900 50576
NUSAT-10 (CAROLINE)     
1 46832U 20079F   21275.51462046  .00004737  00000-0  15103-3 0  9990
2 46832  97.2349 346.7344 0009767 149.2098 306.7659 15.32955553 50578
NUSAT-13 (EMMY)         
1 46833U 20079G   21275.29209309  .00004585  00000-0  14648-3 0  9991
2 46833  97.2345 346.5744 0009154 151.6081 293.9485 15.32915303 50546
NUSAT-17 (MARY)         
1 46835U 20079J   21275.54032711  .00004682  00000-0  15101-3 0  9995
2 46835  97.2344 346.7042 0009195 163.7315 305.7912 15.32596760 50571
NUSAT-18 (VERA)         
1 46836U 20079K   21275.51925444  .00004846  00000-0  15466-3 0  9993
2 46836  97.2356 346.8890 0009592 171.0495 285.1995 15.32918244 50587
NUSAT-16 (LISE)         
1 46840U 20079P   21275.54292770  .00004358  00000-0  13940-3 0  9993
2 46840  97.2369 346.9100 0007199 165.4154 301.3492 15.32915445 50584
SENTINEL-6              
1 46984U 20086A   21275.47805940 -.00000061  00000-0  00000+0 0  9998
2 46984  66.0404 104.8521 0007706 264.5596  95.4539 12.80930362 40329
GAOFEN 12-2             
1 48079U 21026A   21275.48887731  .00000109  00000-0  21070-4 0  9996
2 48079  97.8742 265.7110 0002218  70.4894 289.6566 14.80286287 27461
NUSAT-19 (ROSALIND)     
1 48905U 21059AC  21275.38650443  .00004988  00000-0  25597-3 0  9993
2 48905  97.4773  42.7678 0009192 247.6791 198.1296 15.16947074 14922
NUSAT-22 (SOFYA)        
1 48919U 21059AS  21275.33902494  .00007133  00000-0  26307-3 0  9994
2 48919  97.3816  42.9285 0016697 242.7020 201.5345 15.27969203 14956
NUSAT-21 (ELISA)        
1 48920U 21059AT  21274.88040068  .00005243  00000-0  19228-3 0  9999
2 48920  97.3674  42.4089 0017075 252.6674 225.0556 15.28278746 14886
NUSAT-20 (GRACE)        
1 48921U 21059AU  21275.40977750  .00004225  00000-0  16202-3 0  9994
2 48921  97.3900  43.0019 0014681 270.6190 134.8475 15.26953797 14962
LANDSAT 9               
1 49260U 21088A   21275.45009604  .00048935  00000-0  92161-2 0  9995
2 49260  98.2178 344.0653 0010701 273.7472  86.1208 14.64281450   688
