SARSAT 7 (NOAA 15)      
1 25338U 98030A   21275.36586038  .00000064  00000-0  45227-4 0  9991
2 25338  98.6753 302.8974 0009788 335.1810  24.8898 14.26060788216489
METEOSAT-8 (MSG-1)      
1 27509U 02040B   21274.61714980  .00000139  00000-0  00000-0 0  9994
2 27509   7.5604  51.9417 0001406 180.0322  42.2252  1.00268922 70016
GPS BIIR-08             
1 27663U 03005A   21274.74509115  .00000033  00000-0  00000-0 0  9996
2 27663  55.6971 283.3265 0121069  38.0540 132.8202  2.00553013136824
GPS BIIR-11             
1 28190U 04009A   21273.64401120 -.00000072  00000-0  00000-0 0  9996
2 28190  56.1392 344.2833 0088696 112.3331 144.3201  2.00566306128437
GPS BIIR-13             
1 28474U 04045A   21274.42118873 -.00000065  00000-0  00000-0 0  9990
2 28474  55.2459  33.8556 0205596 274.4675  94.5862  2.00552988123941
SARSAT 10 (NOAA 18)     
1 28654U 05018A   21275.46912915  .00000107  00000-0  82295-4 0  9991
2 28654  98.9839 340.7073 0013797 344.1781  15.8957 14.12642731843643
GPS BIIR-14M            
1 28874U 05038A   21274.74632536 -.00000061  00000-0  00000-0 0  9995
2 28874  56.2164 341.6605 0138573 271.0312  85.1256  2.00564201117346
METEOSAT-9 (MSG-2)      
1 28912U 05049B   21274.71657372  .00000018  00000-0  00000-0 0  9993
2 28912   5.4384  67.8281 0000624  39.1034 165.0226  1.00273816 57790
GOES 13                 
1 29155U 06018A   21275.44601045  .00000033  00000-0  00000+0 0  9993
2 29155   0.1405 116.4185 0006962  96.7020  20.6118  1.00269267 56278
SARSAT 11 (METOP-A)     
1 29499U 06044A   21275.46885061  .00000020  00000-0  28111-4 0  9991
2 29499  98.4628 310.4156 0001057  65.8462  41.9949 14.21511800775947
GPS BIIR-16M            
1 29601U 06052A   21274.32029274  .00000034  00000-0  00000-0 0  9993
2 29601  55.6966 282.2723 0080247  69.9962 290.9028  2.00563847108919
GPS BIIR-17M            
1 32260U 07047A   21274.12449343  .00000012  00000-0  00000-0 0  9990
2 32260  53.2502 151.2916 0135297  58.7242 302.6766  2.00561967102315
GPS BIIR-18M            
1 32384U 07062A   21273.84182097 -.00000068  00000-0  00000-0 0  9994
2 32384  56.3276 342.4249 0017652 140.4839 145.1446  2.00575882101003
SARSAT 12 (NOAA 19)     
1 33591U 09005A   21275.30096120  .00000069  00000-0  62539-4 0  9997
2 33591  99.1789 298.6299 0013801 188.9584 171.1343 14.12498277652005
GOES 14                 
1 35491U 09033A   21275.49975792 -.00000097  00000-0  00000+0 0  9992
2 35491   0.3516 281.0337 0015611 293.0834 233.0251  1.00271869 44925
GOES 15                 
1 36411U 10008A   21275.50506532  .00000050  00000-0  00000+0 0  9991
2 36411   0.3812 275.7196 0000842 238.2854 271.5392  1.00261576 42434
GLONASS-K 1             
1 37372U 11009A   21274.66147352 -.00000069  00000-0  00000-0 0  9999
2 37372  65.9453  12.0188 0016404 225.8634 153.9867  2.13062314 82451
GPS BIIF-2              
1 37753U 11036A   21274.74134366 -.00000055  00000-0  00000-0 0  9997
2 37753  56.4781  38.7943 0108962  50.2330 311.7758  2.00563869 74799
GSAT0101 (GALILEO-PFM)  
1 37846U 11060A   21274.56679193 -.00000069  00000-0  00000-0 0  9994
2 37846  56.8909  28.3883 0000894  55.7564 304.2575  1.70475180 61806
GSAT0102 (GALILEO-FM2)  
1 37847U 11060B   21274.49003546 -.00000069  00000-0  00000-0 0  9990
2 37847  56.8919  28.3898 0001645 306.3359  52.9485  1.70475437 61808
LUCH 5A                 
1 37951U 11074B   21274.89275435 -.00000047  00000-0  00000-0 0  9999
2 37951   4.3706 102.9672 0003220  52.4723 343.7544  1.00270596 35956
METEOSAT-10 (MSG-3)     
1 38552U 12035B   21274.78957529  .00000060  00000-0  00000-0 0  9998
2 38552   1.2465  20.9380 0001720 201.1776  82.2064  1.00277120 33614
SARSAT 13 (METOP-B)     
1 38771U 12049A   21275.46827546  .00000011  00000-0  25194-4 0  9998
2 38771  98.7040 334.1345 0002159  81.0478 111.5720 14.21494486469070
GPS BIIF-3              
1 38833U 12053A   21273.72411381 -.00000002  00000-0  00000-0 0  9991
2 38833  53.5593 213.9978 0115126  42.8155 318.0669  2.00558735 64937
GSAT0103 (GALILEO-FM3)  
1 38857U 12055A   21273.43461978  .00000020  00000-0  00000-0 0  9993
2 38857  55.0656 148.8507 0001919 260.2494  99.8190  1.70473870 55676
GSAT0104 (GALILEO-FM4)  
1 38858U 12055B   21273.99175049  .00000023  00000-0  00000-0 0  9999
2 38858  55.0659 148.8368 0000556 109.5427 250.5551  1.70474195 55681
GPS BIIF-4              
1 39166U 13023A   21274.08621495 -.00000060  00000-0  00000-0 0  9992
2 39166  55.8552 338.1598 0093844  35.1357 325.5408  2.00567455 61385
INSAT-3D                
1 39216U 13038B   21274.83433671 -.00000159  00000-0  00000-0 0  9993
2 39216   0.0245 240.1928 0001357 314.9445 198.1132  1.00271577 29855
GPS BIIF-5              
1 39533U 14008A   21273.08834413  .00000006  00000-0  00000-0 0  9998
2 39533  53.6599 219.5038 0054493 205.5809 154.1396  2.00566889 55164
LUCH 5V                 
1 39727U 14023A   21275.45263903 -.00000271  00000-0  00000+0 0  9997
2 39727   0.9083  66.3722 0002147 121.4323  81.2576  1.00275575545270
GPS BIIF-6              
1 39741U 14026A   21272.86753670 -.00000058  00000-0  00000-0 0  9997
2 39741  56.4435  38.3945 0024122 298.4279  61.3371  2.00574531 54015
GPS BIIF-7              
1 40105U 14045A   21274.45395709  .00000012  00000-0  00000-0 0  9995
2 40105  54.6399 157.1466 0019950 105.4748 254.8228  2.00560237 51586
GSAT0201 (GALILEO 5)    
1 40128U 14050A   21274.48933537 -.00000074  00000-0  00000+0 0  9994
2 40128  50.4278 342.6009 1640771 115.0650 262.8462  1.85519150 48356
GSAT0202 (GALILEO 6)    
1 40129U 14050B   21274.21230340 -.00000074  00000-0  00000-0 0  9999
2 40129  50.4571 341.6647 1637932 115.8638 261.9274  1.85519818 48575
GPS BIIF-8              
1 40294U 14068A   21274.32266424  .00000047  00000-0  00000-0 0  9994
2 40294  55.6260  98.1871 0036920  54.7216 305.6867  2.00553408 50719
GLONASS-K 2             
1 40315U 14075A   21274.79662367  .00000048  00000-0  00000+0 0  9993
2 40315  63.7477 250.2370 0018723 213.6167  40.5777  2.13101331 53211
GPS BIIF-9              
1 40534U 15013A   21273.96097561  .00000032  00000-0  00000-0 0  9999
2 40534  53.8792 275.4407 0061235  14.7913 345.4118  2.00568257 47320
GSAT0203 (GALILEO 7)    
1 40544U 15017A   21273.76202312 -.00000070  00000-0  00000-0 0  9997
2 40544  56.6853  28.4791 0003594 222.1478 137.8308  1.70475142 39878
GSAT0204 (GALILEO 8)    
1 40545U 15017B   21274.01458583 -.00000070  00000-0  00000-0 0  9990
2 40545  56.6914  28.4834 0003866 206.9537 153.0323  1.70475966  2920
GPS BIIF-10             
1 40730U 15033A   21274.61975328 -.00000056  00000-0  00000-0 0  9995
2 40730  55.3599 337.0901 0065293   0.9820 359.0944  2.00565501 45501
METEOSAT-11 (MSG-4)     
1 40732U 15034A   21274.78783093 -.00000003  00000-0  00000-0 0  9994
2 40732   0.3329 115.5715 0001451  10.8589 168.4248  1.00262428 22789
GSAT0205 (GALILEO 9)    
1 40889U 15045A   21273.78209106  .00000038  00000-0  00000-0 0  9993
2 40889  55.8031 269.1333 0004164 341.1819  18.8152  1.70475081 37684
GSAT0206 (GALILEO 10)   
1 40890U 15045B   21274.58813825  .00000039  00000-0  00000+0 0  9993
2 40890  55.8016 269.1072 0003332 315.4518  44.5332  1.70475068 37721
GPS BIIF-11             
1 41019U 15062A   21274.17169249  .00000045  00000-0  00000-0 0  9993
2 41019  55.6177  98.0307 0071173 213.3804 146.2308  2.00563437 43332
ELEKTRO-L 2             
1 41105U 15074A   21275.17341214 -.00000116  00000-0  00000+0 0  9996
2 41105   2.3394  91.1701 0002893  98.4313 229.4689  1.00271371 21277
GSAT0209 (GALILEO 12)   
1 41174U 15079A   21274.17748494  .00000024  00000-0  00000+0 0  9994
2 41174  55.0816 148.5318 0003129 334.9785  25.0992  1.70472912 36030
GSAT0208 (GALILEO 11)   
1 41175U 15079B   21274.39715338  .00000025  00000-0  00000-0 0  9992
2 41175  55.0800 148.5247 0002461 343.1912  16.8945  1.70472921 35874
GPS BIIF-12             
1 41328U 16007A   21274.26368651  .00000009  00000-0  00000-0 0  9994
2 41328  54.8643 157.7608 0052625 225.4076 134.2374  2.00557574 41341
GSAT0211 (GALILEO 14)   
1 41549U 16030A   21275.10339170  .00000039  00000-0  00000+0 0  9995
2 41549  55.9454 268.9985 0005038 301.9977  57.9637  1.70474799 33344
GSAT0210 (GALILEO 13)   
1 41550U 16030B   21273.04979982  .00000037  00000-0  00000-0 0  9998
2 41550  55.9467 269.0565 0004970 278.1290  81.8267  1.70474831 33323
INSAT-3DR               
1 41752U 16054A   21274.81299479 -.00000080  00000-0  00000-0 0  9999
2 41752   0.0904  94.1900 0011997 169.1078 114.1625  1.00271401 18562
GSAT0207 (GALILEO 15)   
1 41859U 16069A   21273.29684885  .00000019  00000-0  00000-0 0  9994
2 41859  54.7408 148.8017 0002780 314.8124  45.2547  1.70472900 30062
GSAT0212 (GALILEO 16)   
1 41860U 16069B   21274.91004582  .00000028  00000-0  00000+0 0  9995
2 41860  54.7388 148.7549 0002492 359.2905   0.8050  1.70472867 30349
GSAT0213 (GALILEO 17)   
1 41861U 16069C   21274.10241678  .00000023  00000-0  00000-0 0  9992
2 41861  54.7409 148.7820 0001984 277.7873  82.2824  1.70473050 30190
GSAT0214 (GALILEO 18)   
1 41862U 16069D   21274.83610480  .00000027  00000-0  00000+0 0  9997
2 41862  54.7393 148.7566 0001210 294.2810  65.8017  1.70472936 30336
GOES 16                 
1 41866U 16071A   21275.46973140 -.00000251  00000-0  00000+0 0  9999
2 41866   0.1056  83.2685 0000941 155.0498 227.0134  1.00271477 17878
GSAT-17                 
1 42815U 17040B   21275.45237737 -.00000261  00000-0  00000+0 0  9996
2 42815   0.0623  98.6567 0004577 149.0961  20.0118  1.00271444 15637
GSAT0215 (GALILEO 19)   
1 43055U 17079A   21274.73970706  .00000039  00000-0  00000+0 0  9997
2 43055  55.9212 268.8449 0004371 274.5848  85.3763  1.70473960 23674
GSAT0216 (GALILEO 20)   
1 43056U 17079B   21273.85895540  .00000039  00000-0  00000-0 0  9993
2 43056  55.9222 268.8689 0006138 275.5224  84.4197  1.70474130 23675
GSAT0217 (GALILEO 21)   
1 43057U 17079C   21275.25228506  .00000039  00000-0  00000+0 0  9991
2 43057  55.9201 268.8306 0005637 285.7300  74.2175  1.70474067 23683
GSAT0218 (GALILEO 22)   
1 43058U 17079D   21271.36620636  .00000031  00000-0  00000-0 0  9993
2 43058  55.9221 268.9348 0006581 272.3943  87.5382  1.70474163 23647
GOES 17                 
1 43226U 18022A   21274.68857669  .00000095  00000-0  00000-0 0  9995
2 43226   0.0583 294.7100 0000084 250.6869 295.9318  1.00267918 13179
GSAT0221 (GALILEO 25)   
1 43564U 18060A   21273.61118707 -.00000070  00000-0  00000-0 0  9991
2 43564  57.0693  28.2322 0003388 246.6437 113.3271  1.70476195 19836
GSAT0222 (GALILEO 26)   
1 43565U 18060B   21273.83102494 -.00000070  00000-0  00000-0 0  9992
2 43565  57.0716  28.2263 0002825 253.4125 106.5628  1.70476214 19889
GSAT0219 (GALILEO 23)   
1 43566U 18060C   21274.63818490 -.00000069  00000-0  00000-0 0  9990
2 43566  57.0724  28.2063 0002508 250.4856 109.4929  1.70476167 19875
GSAT0220 (GALILEO 24)   
1 43567U 18060D   21273.68492891 -.00000070  00000-0  00000-0 0  9990
2 43567  57.0717  28.2331 0002930 247.5346 112.4407  1.70476103 19848
BEIDOU-3 M13            
1 43622U 18072A   21275.12657273  .00000061  00000-0  00000+0 0  9991
2 43622  55.3351 120.0397 0004649 292.6469   8.7243  1.86231843 20635
BEIDOU-3 M14            
1 43623U 18072B   21275.33458890  .00000064  00000-0  00000+0 0  9992
2 43623  55.3377 120.0241 0003372 334.8201 196.2502  1.86231875 20644
GPS BIII-1              
1 43873U 18109A   21275.33779108  .00000019  00000-0  00000+0 0  9998
2 43873  55.0454 160.0830 0014444 192.3809 115.7659  2.00561428 20540
METEOR-M2 2             
1 44387U 19038A   21275.50817451 -.00000023  00000-0  91165-5 0  9998
2 44387  98.6824 233.9048 0001012   0.2427 359.8747 14.23691522116706
GPS BIII-2              
1 44506U 19056A   21274.57802809 -.00000055  00000-0  00000-0 0  9996
2 44506  55.5467  39.3652 0019587 177.2460 203.4545  2.00567206 15588
BEIDOU-3 M23            
1 44542U 19061A   21274.72891413  .00000022  00000-0  10000-3 0  9995
2 44542  54.6705 240.9073 0009251 320.4464 268.9786  1.86231503 13765
BEIDOU-3 M24            
1 44543U 19061B   21274.32223056  .00000025  00000-0  00000+0 0  9992
2 44543  54.6692 240.8900 0006946 307.6602 280.0947  1.86231948 13754
BEIDOU-3 M21            
1 44793U 19078A   21275.14492991 -.00000087  00000-0  10000-3 0  9998
2 44793  55.0404 359.5089 0004974   3.1963 250.2396  1.86232607 12636
BEIDOU-3 M22            
1 44794U 19078B   21275.39493550 -.00000086  00000-0  00000+0 0  9992
2 44794  55.0142 359.4975 0002991 357.0336 335.2022  1.86233144 12638
ELEKTRO-L 3             
1 44903U 19095A   21274.81299479 -.00000100  00000-0  00000-0 0  9991
2 44903   0.0581 353.3063 0001704 245.8708 140.2622  1.00273053  6470
GPS BIII-3              
1 45854U 20041A   21275.14689267  .00000050  00000-0  00000+0 0  9997
2 45854  55.3327  96.6086 0016522 162.0487 211.6908  2.00563544  9557
GPS BIII-4              
1 46826U 20078A   21270.76725694  .00000018  00000-0  00000+0 0  9999
2 46826  54.7505 280.7473 0011318 190.5551 230.0891  2.00566901  6935
