HST                     
1 20580U 90037B   21275.16030624  .00001064  00000-0  53306-4 0  9995
2 20580  28.4699  78.9747 0002764 129.0605  34.1340 15.09758148527400
POLAR                   
1 23802U 96013A   21272.71495421  .00000245  00000-0  00000-0 0  9992
2 23802  78.7229 244.2893 5943147 267.7092  27.3348  1.29847024122504
SWAS                    
1 25560U 98071A   21274.73808674  .00000447  00000-0  50234-4 0  9995
2 25560  69.8972 277.6486 0009227 329.9292  30.1333 14.94153579239372
CXO                     
1 25867U 99040B   21276.53592608  .00001090  00000-0  00000-0 0  9996
2 25867  52.4936 250.6009 8485958 227.3590   0.3833  0.37811977 10849
XMM-NEWTON              
1 25989U 99066A   21276.21621758  .00000154  00000-0  00000-0 0  9993
2 25989  70.6356 309.7929 6419745  89.4451   0.0077  0.50136429 14399
TERRA                   
1 25994U 99068A   21275.07621896  .00000110  00000-0  34252-4 0  9999
2 25994  98.1677 347.5034 0001354  91.6792 330.3090 14.57132924158990
CLUSTER II-FM7 (SAMBA)  
1 26410U 00041A   21276.04247297 -.00000016  00000-0  00000-0 0  9999
2 26410 133.1383 345.3964 5111391 194.2911   0.5935  0.44192262 12677
CLUSTER II-FM6 (SALSA)  
1 26411U 00041B   21276.03743826 -.00000177  00000-0  00000-0 0  9996
2 26411 134.2543 347.5999 6659458 198.8948   0.7017  0.44213813 12727
CLUSTER II-FM5 (RUMBA)  
1 26463U 00045A   21276.04089307 -.00000076  00000-0  00000-0 0  9993
2 26463 137.8806 347.7045 6202770 199.3458   0.7353  0.44213198 12619
CLUSTER II-FM8 (TANGO)  
1 26464U 00045B   21276.04232933 -.00000015  00000-0  00000-0 0  9992
2 26464 133.1402 345.3938 5107816 194.2872   0.6793  0.44220640 12699
ODIN                    
1 26702U 01007A   21274.80289770  .00001267  00000-0  84756-4 0  9992
2 26702  97.5357 289.3884 0012276  95.3696 264.8933 15.08678203127266
TIMED                   
1 26998U 01055B   21274.88321569  .00000339  00000-0  40638-4 0  9993
2 26998  74.0715  74.6102 0001232 328.3432  31.7675 14.88353131 74538
RHESSI                  
1 27370U 02004A   21274.76444733  .00009878  00000-0  27863-3 0  9990
2 27370  38.0320 164.6920 0012636 240.9197 119.0310 15.35928684 86746
INTEGRAL                
1 27540U 02048A   21273.72313657 -.00000083  00000-0  00000+0 0  9992
2 27540  67.4731  76.8126 8976603 299.9802 276.2515  0.37579763 20160
CORIOLIS                
1 27640U 03001A   21275.48281178  .00000022  00000-0  31338-4 0  9995
2 27640  98.7231 283.5888 0015147 117.6618   0.9510 14.19083369970365
SORCE                   
1 27651U 03004A   21275.27820791  .00000437  00000-0  59264-4 0  9995
2 27651  39.9948 218.3243 0021775  99.3458 260.9794 14.89383404 14587
MOST                    
1 27843U 03031D   21274.87820723  .00000018  00000-0  28765-4 0  9995
2 27843  98.7109 281.2858 0010193 167.9082 192.2342 14.20645960946538
SCISAT 1                
1 27858U 03036A   21274.57862220  .00000136  00000-0  24043-4 0  9997
2 27858  73.9344 335.1236 0006599  68.9535 291.2344 14.77375322977199
SWIFT                   
1 28485U 04047A   21274.81087478  .00001974  00000-0  10373-3 0  9999
2 28485  20.5576 323.9203 0010674 261.7749  98.1474 15.05160251924598
FORMOSAT-3 FM6          
1 29047U 06011A   21275.29343957  .00000153  00000-0  76275-4 0  9999
2 29047  71.9779 226.8559 0051659 326.0405  33.7427 14.28840509808729
FORMOSAT-3 FM1          
1 29048U 06011B   21274.90368479  .00000122  00000-0  64361-4 0  9992
2 29048  71.9653 138.0178 0045430 287.1781  72.4384 14.28805476811108
FORMOSAT-3 FM5          
1 29049U 06011C   21275.08911405  .00000139  00000-0  70810-4 0  9990
2 29049  72.0201 311.9711 0036777 307.8172  51.9637 14.28887870806940
FORMOSAT-3 FM3          
1 29050U 06011D   21275.47285598  .00000375  00000-0  88514-4 0  9994
2 29050  72.0168  48.9642 0049950 188.9908 171.0356 14.59125081825278
FORMOSAT-3 FM4          
1 29051U 06011E   21275.28798509  .00000082  00000-0  47489-4 0  9996
2 29051  72.0053 212.7000 0068579 190.6072 169.3623 14.28919225809581
FORMOSAT-3 FM2          
1 29052U 06011F   21275.04265930  .00000130  00000-0  67156-4 0  9995
2 29052  72.0326 288.8175 0042422 268.2846  91.3432 14.29029218807880
CLOUDSAT                
1 29107U 06016A   21274.84370991  .00000221  00000-0  52902-4 0  9996
2 29107  98.2895 228.2114 0003996  46.7865 313.3669 14.62725624821220
CALIPSO                 
1 29108U 06016B   21274.82801715  .00000333  00000-0  75018-4 0  9995
2 29108  98.2866 227.8910 0001355  83.3201 276.8154 14.62599836821211
HINODE (SOLAR-B)        
1 29479U 06041A   21274.80210280  .00000172  00000-0  41427-4 0  9991
2 29479  98.1349 288.1366 0018331 323.2065  36.7879 14.64593487802896
SJ-6C                   
1 29505U 06046A   21275.37378869  .00000162  00000-0  19940-4 0  9991
2 29505  97.7979 293.0058 0003174 265.9018  94.1847 14.95265351814124
SJ-6D                   
1 29506U 06046B   21275.51726458 -.00000140  00000-0 -78081-5 0  9999
2 29506  97.8174 293.3722 0002325  29.4875 330.6484 14.93642113813638
AGILE                   
1 31135U 07013A   21275.40016025  .00004938  00000-0  11003-3 0  9991
2 31135   2.4672  99.6868 0011295 357.4382   2.5614 15.34087669804607
AIM                     
1 31304U 07015A   21274.70358636  .00003193  00000-0  17593-3 0  9992
2 31304  97.8574 179.9301 0005021 166.5940 193.5425 15.14772769791995
FGRST (GLAST)           
1 33053U 08029A   21274.89595044  .00000992  00000-0  39839-4 0  9999
2 33053  25.5817 129.2864 0012519  65.7383 294.4459 15.11605181734523
WISE                    
1 36119U 09071A   21275.09309234  .00002784  00000-0  94732-4 0  9994
2 36119  97.2755 309.6818 0003856 123.2385 236.9226 15.31244086655963
SDO                     
1 36395U 10005A   21274.53957020 -.00000054  00000-0  00000+0 0  9998
2 36395  31.1561 113.4524 0000143 295.5342  54.0526  1.00274617 42784
CRYOSAT 2               
1 36508U 10013A   21274.87332977  .00000136  00000-0  33045-4 0  9998
2 36508  92.0209 221.4803 0007821  59.1767 301.0209 14.51905894608611
X-SAT                   
1 37389U 11015C   21275.42836762 -.00000037  00000-0  17599-5 0  9990
2 37389  98.3724 316.3315 0014020 353.5533   6.5467 14.24390618543470
GCOM-W1 (SHIZUKU)       
1 38337U 12025A   21275.08716571  .00000147  00000-0  42685-4 0  9997
2 38337  98.2153 214.2698 0000798  46.9263 323.9507 14.57094841498687
NUSTAR                  
1 38358U 12031A   21274.76173876  .00001579  00000-0  90685-4 0  9999
2 38358   6.0259  84.6632 0011960 208.7113 151.2357 14.88626294506239
NEOSSAT                 
1 39089U 13009D   21275.47169698  .00000101  00000-0  50984-4 0  9991
2 39089  98.4362 113.0354 0010758 330.3284  29.7290 14.34586298450237
IRIS                    
1 39197U 13033A   21275.48949749  .00000281  00000-0  45097-4 0  9990
2 39197  97.9681  98.7260 0028372 141.2836 219.0415 14.78904644445866
HISAKI (SPRINT-A)       
1 39253U 13049A   21274.81935844  .00000143  00000-0  10689-3 0  9992
2 39253  29.7205 319.0390 0137172 121.1919 240.2177 13.55250567397998
CASSIOPE                
1 39265U 13055A   21274.87597863  .00011360  00000-0  31329-3 0  9990
2 39265  80.9685 180.2844 0645032   1.3312 358.9395 14.33279674415233
STSAT-3                 
1 39422U 13066G   21275.30567239 -.00000178  00000-0 -12959-4 0  9996
2 39422  97.4776 289.4377 0024202  63.9810 296.3918 14.90020476427395
SWARM B                 
1 39451U 13067A   21274.90578902  .00000861  00000-0  36009-4 0  9992
2 39451  87.7524 138.8391 0002145 113.1156 247.0316 15.22155281421619
SWARM A                 
1 39452U 13067B   21275.43246974  .00003018  00000-0  60834-4 0  9993
2 39452  87.3595 318.7631 0002817  78.3852 281.7722 15.46082671442102
SWARM C                 
1 39453U 13067C   21275.43244591  .00003007  00000-0  60612-4 0  9999
2 39453  87.3447 318.7598 0002814  78.4256 281.7318 15.46082446442063
BRITE-CA1 (TORONTO)     
1 40020U 14033L   21275.43533626  .00000184  00000-0  39606-4 0  9997
2 40020  97.7522  83.0413 0087405   7.4839 352.7648 14.66774760389940
OCO 2                   
1 40059U 14035A   21275.15056596  .00000129  00000-0  38665-4 0  9999
2 40059  98.2160 215.0779 0001331  90.8781 269.2570 14.57108550385720
BRITE-PL2 (HEWELIUSZ)   
1 40119U 14049B   21274.84627946  .00000378  00000-0  51011-4 0  9995
2 40119  97.8881   8.2199 0017552  12.9209 347.2451 14.84710022385630
RESURS P2               
1 40360U 14087A   21275.51448514  .00002082  00000-0  64464-4 0  9992
2 40360  97.2240   0.7941 0008053 301.0151  69.3255 15.34548887378682
MMS 1                   
1 40482U 15011C   21258.42058084 -.00001860  00000-0  00000+0 0  9990
2 40482  33.5007 114.6989 8436997  37.2833  47.6472  0.28495839 12515
MMS 2                   
1 40483U 15011A   21258.46668899 -.00001857  00000-0  00000+0 0  9992
2 40483  33.5068 114.6905 8434770  37.2948  52.3509  0.28491614 12493
MMS 3                   
1 40484U 15011C   21258.46668899 -.00001860  00000-0  00000+0 0  9997
2 40484  33.4821 114.6504 8437754  37.3586  52.3120  0.28489266 12498
MMS 4                   
1 40485U 15011D   21258.42057985 -.00001860  00000-0  00000+0 0  9992
2 40485  33.5009 114.7085 8435900  37.2916  47.5998  0.28495883 12491
ASTROSAT                
1 40930U 15052A   21275.16754330  .00000900  00000-0  37321-4 0  9994
2 40930   5.9958 219.8116 0008127 102.2044 257.8994 14.76404364324960
DAMPE                   
1 41173U 15078A   21275.54537175  .00000389  00000-0  18890-4 0  9991
2 41173  97.3582 265.6791 0014704  34.1316 114.2357 15.24063785322294
PISAT                   
1 41784U 16059B   21275.36188206  .00000184  00000-0  44256-4 0  9994
2 41784  97.9559 323.2605 0030539 264.6630  95.1088 14.63665192267939
HXMT (HUIYAN)           
1 42758U 17034A   21275.46991148  .00000990  00000-0  74511-4 0  9990
2 42758  43.0184 325.6588 0007006 107.5772  24.3591 15.09337946237189
FLYING LAPTOP           
1 42831U 17042G   21275.31158736  .00000618  00000-0  67028-4 0  9995
2 42831  97.4543 139.3403 0014798 145.5447 214.6719 14.91356778229615
PICSAT                  
1 43132U 18004X   21275.45977977  .00004488  00000-0  17514-3 0  9993
2 43132  97.4016 349.0313 0008854 180.8645 179.2580 15.26395426207006
ZHANGZHENG-1 (CSES)     
1 43194U 18015C   21275.55726847  .00003029  00000-0  14048-3 0  9991
2 43194  97.4920  42.2373 0009527 259.0578 162.3017 15.20799796203420
ICON                    
1 44628U 19068A   21275.10409591  .00001188  00000-0  94554-4 0  9993
2 44628  26.9887 195.8022 0018963  57.0291 303.2087 14.92046540107921
SALSAT                  
1 46495U 20068K   21274.94520482  .00000719  00000-0  57010-4 0  9998
2 46495  97.6987 211.8437 0019005  73.6187 286.7126 15.03573598 55333
