LEMUR-1                 
1 40044U 14033AL  21275.08622645  .00000396  00000-0  65530-4 0  9994
2 40044  97.6666 112.5550 0057425 275.8446  83.6219 14.74427635391805
LEMUR-2-JOEL            
1 40932U 15052C   21275.25567481  .00001270  00000-0  83278-4 0  9998
2 40932   6.0066 183.8035 0013612 174.3194 185.7089 14.78256782325354
LEMUR-2-CHRIS           
1 40933U 15052D   21275.16806351  .00001173  00000-0  69916-4 0  9996
2 40933   6.0048 180.6348 0014336 182.1294 177.8773 14.78382100325377
LEMUR-2-PETER           
1 40935U 15052F   21273.17253004 -.00104025  00000-0 -14546-1 0  9996
2 40935   5.9987 216.7785 0010125  98.3319 261.7839 14.77477949324867
LEMUR-2-XIAOQING        
1 41871U 16062C   21274.90941795  .00008365  00000-0  29822-3 0  9994
2 41871  51.6368 159.8642 0006085 101.1904 258.9761 15.29722784270309
LEMUR-2-SOKOLSKY        
1 41872U 16062D   21275.06062624  .00009891  00000-0  35171-3 0  9997
2 41872  51.6805 167.5264 0002585 184.5340 175.5618 15.29597667270295
LEMUR-2-ANUBHAVTHAKUR   
1 41873U 16062E   21275.33404067  .00002288  00000-0  10426-3 0  9998
2 41873  51.6774 192.5947 0009859  87.0802 273.1305 15.24883198269926
LEMUR-2-WINGO           
1 41874U 16062F   21275.06261313  .00008487  00000-0  30829-3 0  9990
2 41874  51.6501 167.2231 0010823  21.0061 339.1361 15.29056573270222
LEMUR-2-JOBANPUTRA      
1 41991U 17008AV  21275.44908605  .00003945  00000-0  15198-3 0  9991
2 41991  97.3007 337.5533 0008697  79.7250 280.4969 15.26885579256761
LEMUR-2-SPIRE-MINIONS   
1 41992U 17008AW  21274.71827848  .00007807  00000-0  27979-3 0  9991
2 41992  97.3062 339.7264 0008150  75.8648 284.3497 15.28973052256811
LEMUR-2-SATCHMO         
1 41993U 17008AX  21274.72077240  .00005321  00000-0  20224-3 0  9991
2 41993  97.3008 337.3234 0008652  80.4688 279.7529 15.27178983256684
LEMUR-2-SMITA-SHARAD    
1 41994U 17008AY  21274.89639499  .00007731  00000-0  27730-3 0  9996
2 41994  97.3056 339.7104 0008179  73.7604 286.4536 15.28947054256831
LEMUR-2-RDEATON         
1 41995U 17008AZ  21274.68149826  .00005171  00000-0  19683-3 0  9998
2 41995  97.3023 337.4645 0009784  91.2817 268.9544 15.27135513257366
LEMUR-2-TACHIKOMA       
1 41996U 17008BA  21274.72320057  .00008036  00000-0  29030-3 0  9991
2 41996  97.3097 339.7667 0009224  88.0423 272.1873 15.28694099256690
LEMUR-2-NOGUECORREIG    
1 41997U 17008BB  21275.41632708  .00006230  00000-0  22315-3 0  9991
2 41997  97.3078 340.8053 0009219  84.1334 276.0957 15.29063817256925
LEMUR-2-MIA-GRACE       
1 41998U 17008BC  21274.72150007  .00005410  00000-0  20653-3 0  9994
2 41998  97.3011 337.2006 0009656  91.9115 268.3230 15.27016826256596
LEMUR-2-ANGELA          
1 42752U 17019B   21274.89003970  .00009939  00000-0  30323-3 0  9994
2 42752  51.6377  57.9339 0008583 203.2929 156.7665 15.34520607241408
LEMUR-2-JENNYBARNA      
1 42753U 17019C   21275.43595397  .00011584  00000-0  31719-3 0  9994
2 42753  51.6371  40.8558 0007422 218.2820 141.7638 15.37757559241634
LEMUR-2-ROBMOORE        
1 42754U 17019D   21274.92465369  .00009417  00000-0  28885-3 0  9995
2 42754  51.6388  58.8729 0008444 205.6697 154.3867 15.34418562241379
LEMUR-2-SPIROVISION     
1 42755U 17019E   21275.53223556  .00012222  00000-0  33534-3 0  9999
2 42755  51.6392  40.4636 0007958 220.3849 217.7551 15.37634868241568
LEMUR-2-SHAINAJOHL      
1 42771U 17036G   21274.85496008  .00006117  00000-0  24592-3 0  9994
2 42771  97.2423 319.8530 0014432 148.5950 211.6153 15.25178410237527
LEMUR-2-XUENITERENCE    
1 42772U 17036H   21274.64292257  .00004537  00000-0  18207-3 0  9992
2 42772  97.2399 319.6744 0013957 147.3882 212.8221 15.25383800237516
LEMUR-2-LUCYBRYCE       
1 42773U 17036J   21274.62317034  .00003140  00000-0  13023-3 0  9992
2 42773  97.2471 320.3089 0014216 148.1178 212.0923 15.24500177237502
LEMUR-2-KUNGFOO         
1 42774U 17036K   21274.70061179  .00006107  00000-0  24418-3 0  9994
2 42774  97.2423 320.0560 0013889 147.2299 212.9804 15.25369100237518
LEMUR-2-LYNSEY-SYMO     
1 42779U 17036Q   21275.39975577  .00005703  00000-0  21637-3 0  9992
2 42779  97.2470 324.1016 0011997 145.1246 215.0781 15.27171273237807
LEMUR-2-LISASAURUS      
1 42780U 17036R   21275.38090221  .00002689  00000-0  11017-3 0  9998
2 42780  97.2456 321.9908 0012212 150.2823 209.9111 15.25054259237684
LEMUR-2-SAM-AMELIA      
1 42781U 17036S   21275.38427559  .00002786  00000-0  11310-3 0  9991
2 42781  97.2474 322.8168 0012319 149.1075 211.0890 15.25343803237715
LEMUR-2-MCPEAKE         
1 42782U 17036T   21274.71607867  .00006391  00000-0  24803-3 0  9997
2 42782  97.2436 322.4000 0011652 149.3998 210.7923 15.26374166237642
LEMUR-2-GREENBERG       
1 42837U 17042N   21274.89937629  .00001013  00000-0  10332-3 0  9994
2 42837  97.4599 141.3490 0013803 138.3527 221.8747 14.92628744229691
LEMUR-2-ANDIS           
1 42838U 17042P   21275.43243309  .00000928  00000-0  95123-4 0  9997
2 42838  97.4590 141.8305 0013968 136.5383 223.6940 14.92627737229770
LEMUR-2-MONSON          
1 42839U 17042Q   21275.08291321  .00000803  00000-0  83321-4 0  9995
2 42839  97.4600 141.3088 0013634 137.6099 222.6177 14.92445317229708
LEMUR-2-FURIAUS         
1 42840U 17042R   21275.36904817  .00000593  00000-0  62943-4 0  9992
2 42840  97.4625 141.9005 0013851 137.0354 223.1951 14.92426035229758
LEMUR-2-PETERG          
1 42841U 17042S   21275.10638488  .00000905  00000-0  92331-4 0  9994
2 42841  97.4646 142.4255 0013338 134.0237 226.2085 14.92878789229762
LEMUR-2-DEMBITZ         
1 42842U 17042T   21275.43736959  .00000953  00000-0  97005-4 0  9999
2 42842  97.4630 142.6327 0013481 133.7213 226.5126 14.92865441229813
LEMUR-2-ZACHARY         
1 42845U 17042W   21274.91312326  .00001477  00000-0  14612-3 0  9996
2 42845  97.4536 141.4856 0013711 137.4305 222.7981 14.93222160229761
LEMUR-2-ARTFISCHER      
1 42881U 17042BJ  21275.09470267  .00026776  00000-0  50792-3 0  9993
2 42881  96.8338 121.6217 0010344  44.0994 316.1081 15.48228169236810
LEMUR-2-ROCKETJONAH     
1 43041U 17071E   21275.12115905  .00054014  00000-0  56399-3 0  9998
2 43041  51.6305 222.0755 0002294 122.9806 237.1410 15.63947824218190
LEMUR-2-YONGLIN         
1 43045U 17071J   21275.35047509  .00036147  00000-0  33256-3 0  9995
2 43045  51.6306 211.7772 0002540  79.5353 280.5929 15.67303129216077
LEMUR-2-KEVIN           
1 43046U 17071K   21275.38303180  .00037861  00000-0  46705-3 0  9996
2 43046  51.6317 229.9843 0002427  50.2132 309.9075 15.59792207215847
LEMUR-2-BRIANDAVIE      
1 43047U 17071L   21275.46869088  .00058255  00000-0  61395-3 0  9992
2 43047  51.6259 225.0743 0003478  92.2280 267.9113 15.63676114215902
LEMUR-2-ROMACOSTE       
1 43048U 17071M   21275.28598658  .00041654  00000-0  44919-3 0  9993
2 43048  51.6309 221.7797 0003370  89.4797 270.6583 15.63236290215935
LEMUR-2-MCCULLAGH       
1 43051U 17071Q   21275.22509873  .00042974  00000-0  45925-3 0  9996
2 43051  51.6385 222.3676 0002501 128.2383 231.8837 15.63455920215871
LEMUR-2-DUNLOP          
1 43053U 17071S   21275.37196411  .00036906  00000-0  45117-3 0  9995
2 43053  51.6303 231.8963 0002567 115.9235 244.2022 15.60042250215765
LEMUR-2-LIU-POU-CHUN    
1 43054U 17071T   21275.44142449  .00037320  00000-0  43720-3 0  9995
2 43054  51.6306 225.7576 0002120 110.0871 250.0351 15.61152907215850
LEMUR-2-MCCAFFERTY      
1 43123U 18004N   21275.43663156  .00005817  00000-0  21444-3 0  9996
2 43123  97.4054 350.8575 0009035 174.5816 185.5523 15.28158959207096
LEMUR-2-PETERWEBSTER    
1 43124U 18004P   21275.46157086  .00005880  00000-0  21774-3 0  9996
2 43124  97.4052 350.6993 0008982 173.3161 186.8200 15.28005137207092
LEMUR-2-BROWNCOW        
1 43125U 18004Q   21274.78847840  .00008798  00000-0  31459-3 0  9997
2 43125  97.4084 350.9799 0008710 173.7087 186.4264 15.29009386207047
LEMUR-2-DAVEWILSON      
1 43126U 18004R   21275.47299070  .00007652  00000-0  27490-3 0  9999
2 43126  97.4078 351.4044 0008920 172.5154 187.6221 15.28901762207139
LEMUR-2-MARSHALL        
1 43165U 18010C   21274.84449997  .00005187  00000-0  21519-3 0  9991
2 43165  82.9155 311.6252 0029452 166.4672 193.7362 15.23212087205060
LEMUR-2-TALLHAMN-ATC    
1 43167U 18010E   21274.83997350  .00004403  00000-0  19864-3 0  9993
2 43167  82.9197 316.3772 0022966 185.6980 174.3999 15.20496461204770
LEMUR-2-JIN-LUEN        
1 43182U 18014C   21275.29349093  .00001983  00000-0  17536-3 0  9994
2 43182  97.6583 179.1104 0015719  86.3230 273.9789 14.97344704200242
LEMUR-2-URAMCHANSOL     
1 43183U 18014D   21274.70756434  .00001221  00000-0  10972-3 0  9993
2 43183  97.6592 178.6913 0015439  87.3202 272.9787 14.97425226200161
LEMUR-2-KADI            
1 43184U 18014E   21275.44742496  .00000690  00000-0  64365-4 0  9994
2 43184  97.6584 179.4062 0015094  86.4405 273.8543 14.97321327200278
LEMUR-2-THENICKMOLO     
1 43185U 18014F   21275.29839634  .00001520  00000-0  13548-3 0  9998
2 43185  97.6604 179.3769 0015396  87.1926 273.1059 14.97388493200256
LEMUR-2-VU              
1 43558U 18046E   21275.49735633  .00008142  00000-0  24555-3 0  9990
2 43558  51.6416 343.7324 0006130 193.5662 166.5157 15.35169079179811
LEMUR-2-ALEXANDER       
1 43559U 18046F   21275.46494833  .00009961  00000-0  29533-3 0  9993
2 43559  51.6413 342.7896 0006193 193.7985 166.2829 15.35440967179609
LEMUR-2-YUASA           
1 43560U 18046G   21274.49232481  .00015274  00000-0  45133-3 0  9994
2 43560  51.6415 349.0185 0006445 204.7029 155.3646 15.35112331179658
LEMUR-2-TOMHENDERSON    
1 43561U 18046H   21274.46783074  .00012009  00000-0  36219-3 0  9999
2 43561  51.6425 350.3309 0006611 198.2753 161.7993 15.34687599179196
LEMUR-2-ZUPANSKI        
1 43695U 18088F   21274.84286010  .00004769  00000-0  19823-3 0  9999
2 43695  85.0290 125.5896 0016969  19.4727 340.7160 15.23382319160487
LEMUR-2-CHANUSIAK       
1 43697U 18088H   21274.62705734  .00004673  00000-0  18935-3 0  9993
2 43697  85.0351 125.7659 0014870   0.6902 359.4359 15.24266683160542
LEMUR-2-ORZULAK         
1 43731U 18096N   21274.72026902  .00011521  00000-0  36704-3 0  9999
2 43731  97.3860 354.0830 0016951 250.3510 109.5903 15.32573286158524
LEMUR-2-KOBYSZCZE       
1 43732U 18096P   21275.47500270  .00008927  00000-0  28366-3 0  9999
2 43732  97.3871 355.1322 0016967 247.4552 112.4895 15.32728971158655
LEMUR-2-DULY            
1 43745U 18096AC  21275.46854519  .00008421  00000-0  26816-3 0  9997
2 43745  97.3864 355.0638 0016893 246.6514 113.2951 15.32681217158661
LEMUR-2-VLADIMIR        
1 43746U 18096AD  21274.79006528  .00012540  00000-0  39301-3 0  9992
2 43746  97.3861 354.5827 0016747 249.2570 110.6878 15.33076884158592
LEMUR-2-CHRISTINAHOLT   
1 43882U 18111G   21274.86144414  .00001128  00000-0  10126-3 0  9990
2 43882  97.6799 181.5925 0012626 102.0787 258.1850 14.97640291151040
LEMUR-2-TINYKEV         
1 43883U 18111H   21274.68102308  .00002131  00000-0  18643-3 0  9994
2 43883  97.6799 181.5395 0013076 105.1108 255.1561 14.97722407151027
LEMUR-2-REMY-COLTON     
1 43884U 18111J   21275.48903442  .00001844  00000-0  16125-3 0  9995
2 43884  97.6824 182.6077 0013180 101.8798 258.3903 14.97919810149163
LEMUR-2-GUSTAVO         
1 43885U 18111K   21274.73079838  .00001320  00000-0  11744-3 0  9997
2 43885  97.6812 181.7213 0012344 100.8509 259.4103 14.97716616151035
LEMUR-2-ZO              
1 43886U 18111L   21274.73895747  .00001488  00000-0  13144-3 0  9994
2 43886  97.6817 181.9324 0012291 100.9182 259.3424 14.97804087151041
LEMUR-2-NATALIEMURRAY   
1 43887U 18111M   21275.32738315  .00000907  00000-0  81806-4 0  9994
2 43887  97.6828 182.7179 0012482  96.2529 264.0116 14.97934162151145
LEMUR-2-SARAHBETTYBOO   
1 43888U 18111N   21275.29505094  .00002107  00000-0  18323-3 0  9994
2 43888  97.6842 182.8643 0013271  96.8426 263.4306 14.97969498151142
LEMUR-2-DAISY-HARPER    
1 43889U 18111P   21274.70630777  .00002033  00000-0  17652-3 0  9999
2 43889  97.6854 182.4197 0013285  96.5672 263.7063 14.98070925151053
LEMUR-2-JOHANLORAN      
1 44084U 19018G   21274.75057569  .00010010  00000-0  38236-3 0  9996
2 44084  97.3534 334.7906 0010705 312.8055  47.2283 15.26771239139228
LEMUR-2-BEAUDACIOUS     
1 44085U 19018H   21274.70975390  .00009168  00000-0  35835-3 0  9997
2 44085  97.3528 334.3620 0010894 315.8508  44.1860 15.26028826139196
LEMUR-2-ELHAM           
1 44086U 19018J   21275.44003477  .00007623  00000-0  29120-3 0  9992
2 44086  97.3549 335.7870 0010686 310.6066  49.4243 15.26856702139334
LEMUR-2-VICTOR-ANDREW   
1 44087U 19018K   21275.39841059  .00007746  00000-0  29415-3 0  9996
2 44087  97.3553 335.8532 0010601 311.5087  48.5242 15.27050306139343
LEMUR-2-LILLYJO         
1 44396U 19038L   21274.84402852  .00005689  00000-0  30811-3 0  9990
2 44396  97.5887 238.5691 0022119 303.4628  56.4489 15.14817956123882
LEMUR-2-WANLI           
1 44402U 19038S   21274.89929952  .00004601  00000-0  25195-3 0  9990
2 44402  97.5898 238.5667 0022368 303.9570  55.9535 15.14520417123892
LEMUR-2-MORAG           
1 44403U 19038T   21274.89180683  .00005219  00000-0  28225-3 0  9994
2 44403  97.5936 239.0958 0021053 307.2507  52.6804 15.14928410123902
LEMUR-2-DUSTINTHEWIND   
1 44405U 19038V   21274.87829217  .00004090  00000-0  22499-3 0  9990
2 44405  97.5887 238.4855 0022260 303.4505  56.4598 15.14432545123894
LEMUR-2-ALEX-MADDY      
1 44407U 19038X   21274.85771268  .00003613  00000-0  20260-3 0  9996
2 44407  97.5956 238.5959 0021590 309.7606  50.1722 15.13834323123850
LEMUR-2-EJATTA          
1 44409U 19038Z   21275.45944116  .00004438  00000-0  23995-3 0  9993
2 44409  97.5881 239.3573 0021858 299.4902  60.4150 15.15009591124001
LEMUR-2-GREGROBINSON    
1 44411U 19038AB  21275.46235444  .00004472  00000-0  24294-3 0  9995
2 44411  97.5943 239.6622 0021215 306.4071  53.5204 15.14847917123658
LEMUR-2-YNDRD           
1 44413U 19038AD  21274.78994722  .00003647  00000-0  20501-3 0  9992
2 44413  97.5946 238.4415 0021530 309.8454  50.0882 15.13742292123857
LEMUR-2-JPGSQUARED      
1 44855U 19089D   21275.13638560  .00002616  00000-0  21246-3 0  9995
2 44855  36.9657 189.7829 0007046 271.1319  88.8615 15.00007835 99181
LEMUR-2-HIMOMANDDAD     
1 44860U 19089J   21275.14445061  .00002422  00000-0  19839-3 0  9994
2 44860  36.9652 190.7565 0007448 265.9141  94.0749 14.99772984 99167
LEMUR-2-PAPPY           
1 44861U 19089K   21274.85922801  .00002925  00000-0  23809-3 0  9994
2 44861  36.9649 192.1743 0007464 265.6365  94.3524 14.99799790 99079
LEMUR-2-THEODOSIA       
1 44863U 19089M   21274.83590672  .00003432  00000-0  27746-3 0  9999
2 44863  36.9649 191.9778 0007459 268.3514  91.6373 14.99915000 98981
LEMUR-2-ETHANOAKES      
1 46298U 20061AC  21275.47483985  .00004697  00000-0  27445-3 0  9994
2 46298  97.4813 347.0526 0002094  69.5135 290.6320 15.12373072 59472
LEMUR-2-OSCARLATOR      
1 46299U 20061AD  21274.75221494  .00006253  00000-0  36453-3 0  9999
2 46299  97.4814 346.3466 0001958  69.8225 290.3216 15.12323884 59398
LEMUR-2-SCHMIDTFALL     
1 46315U 20061AV  21274.71454052  .00005289  00000-0  30523-3 0  9992
2 46315  97.4818 346.5604 0002102  25.5542 334.5793 15.12765380 59448
LEMUR-2-DJUPROERA       
1 46316U 20061AW  21274.76759368  .00006212  00000-0  35693-3 0  9996
2 46316  97.4810 346.6188 0002175  19.1044 341.0268 15.12852224 59450
LEMUR-2-SQUAREJAWS      
1 46317U 20061AX  21275.23520989  .00004390  00000-0  25360-3 0  9990
2 46317  97.4813 347.0741 0002031  18.3955 341.7349 15.12819694 59537
LEMUR-2-URSA-AVION      
1 46318U 20061AY  21274.76399364  .00005890  00000-0  33876-3 0  9996
2 46318  97.4812 346.6293 0002075  13.0053 347.1231 15.12836138 59467
LEMUR-2-SLICERS         
1 46500U 20068Q   21274.79817313  .00000143  00000-0  15187-4 0  9990
2 46500  97.6960 211.1621 0015137  84.8956 275.4002 15.03045212 55233
LEMUR-2-DAYWZAGOODDAY   
1 46501U 20068R   21274.79508125  .00001679  00000-0  12849-3 0  9995
2 46501  97.6950 211.1743 0014925  86.2098 274.0836 15.03178408 55228
LEMUR-2-SUSURRUS        
1 46502U 20068S   21274.79927337  .00000222  00000-0  21004-4 0  9993
2 46502  97.6955 211.1565 0014787  87.7895 272.5025 15.03033531 55234
LEMUR-2-NICHOL          
1 46503U 20068T   21274.83601811  .00003229  00000-0  24401-3 0  9998
2 46503  97.6943 211.0935 0013838  94.8849 265.3956 15.03007253 55231
LEMUR-2-OZARAK          
1 46908U 20081D   21275.20421688  .00002321  00000-0  19163-3 0  9997
2 46908  36.9013 314.8179 0006597 114.0589 246.0862 14.99508488 49365
LEMUR-2-JINDRA          
1 46909U 20081E   21275.51423666  .00002716  00000-0  22216-3 0  9991
2 46909  36.9005 312.6645 0006698 118.7853 241.3561 14.99679479 49428
LEMUR-2-WALLACE         
1 46910U 20081F   21274.84589787  .00002345  00000-0  19286-3 0  9996
2 46910  36.9017 316.5857 0006897 114.0404 246.1048 14.99642179 49311
LEMUR-2-JEREMIAH        
1 46911U 20081G   21275.49895499  .00002367  00000-0  19423-3 0  9996
2 46911  36.9019 312.5467 0006457 126.1393 233.9946 14.99720697 49425
LEMUR-2-BAXTER-OLIVER   
1 46925U 98067RV  21275.37595843  .00089222  00000-0  69863-3 0  9995
2 46925  51.6414 150.1236 0003359 181.4822 178.6167 15.70835458 51618
LEMUR-2-DJARA           
1 46926U 98067RW  21275.27754042  .00070714  00000-0  62556-3 0  9991
2 46926  51.6414 152.4728 0002192 168.3299 191.7749 15.67977890 51598
LEMUR-2-NEVA            
1 47450U 21006AP  21274.91103278  .00004885  00000-0  27514-3 0  9993
2 47450  97.4835 334.3691 0013413  95.8757 264.4004 15.13602265 38158
LEMUR-2-SAOIRSEDH5GUO   
1 47453U 21006AS  21275.15726258  .00004328  00000-0  24600-3 0  9997
2 47453  97.4863 334.6058 0012148  96.5147 263.7468 15.13352633 38187
LEMUR-2-NALLYWACKER     
1 47457U 21006AW  21275.45312938  .00004165  00000-0  23549-3 0  9990
2 47457  97.4837 334.8895 0013066  94.1782 266.0943 15.13553532 38233
LEMUR-2-MANGO1          
1 47493U 21006CJ  21275.15677496  .00003705  00000-0  21167-3 0  9993
2 47493  97.4782 334.3207 0012509  97.0918 263.1736 15.13259647 38180
LEMUR-2-RUAIRI-EILIDH   
1 47511U 21006DC  21274.85051306  .00004806  00000-0  27741-3 0  9993
2 47511  97.4777 333.8121 0010033 100.4203 259.8159 15.12764607 38121
LEMUR-2-JENNIFERSONG    
1 47525U 21006DR  21274.85247920  .00005178  00000-0  29159-3 0  9995
2 47525  97.4794 334.1681 0013184  96.3057 263.9677 15.13583668 38140
LEMUR-2-CHANTAL         
1 47529U 21006DV  21275.41365058  .00002584  00000-0  15217-3 0  9993
2 47529  97.4794 334.3305 0009478  99.7088 260.5214 15.12461335 39169
LEMUR-2-NOOBNOOB        
1 47538U 21006DY  21275.40114340  .00003146  00000-0  17968-3 0  9998
2 47538  97.4854 334.8547 0012921  94.7912 265.4795 15.13374656 38221
LEMUR-2-AMANDA-SVANTE   
1 48269U 21034B   21275.11204190  .00001576  00000-0  18642-3 0  9997
2 48269  97.7782 347.3992 0003474 180.6649 179.4563 14.85992003 23157
LEMUR-2-SPECIAL-K       
1 48273U 21034F   21275.44958656  .00000972  00000-0  11746-3 0  9998
2 48273  97.7784 347.7252 0003578 176.4042 183.7199 14.85945110 23219
LEMUR-2-JACKSON         
1 48885U 21059G   21274.76627747  .00006073  00000-0  35397-3 0  9998
2 48885  97.5246  42.1068 0007131 275.2846  84.7571 15.12330163 14805
LEMUR-2-ANNABANANA      
1 48923U 21059AW  21274.77440522  .00005570  00000-0  31655-3 0  9990
2 48923  97.5191  42.1805 0010990 263.0273  96.9708 15.13251697 14815
LEMUR-2-JOHN-TREIRES    
1 48925U 21059AY  21275.47488438  .00003673  00000-0  20738-3 0  9990
2 48925  97.5230  42.9744 0013763 264.9906  94.9754 15.13685354 14927
LEMUR-2-AC-CUBED        
1 48927U 21059BA  21275.12979639  .00004111  00000-0  23012-3 0  9998
2 48927  97.5202  42.6420 0016097 270.1985  89.7402 15.13894394 14877
LEMUR-2-MERIMA          
1 48929U 21059BC  21275.05885222  .00004592  00000-0  25591-3 0  9993
2 48929  97.5182  42.5607 0016114 272.0906  87.8480 15.13989872 14866
LEMUR-2-CARLSANTAMARI   
1 48959U 21059CJ  21274.77379959  .00006379  00000-0  35043-3 0  9997
2 48959  97.5194  42.3393 0015635 278.7323  81.2138 15.14360949 14828
