ISS (ZARYA)             
1 25544U 98067A   21275.52277778  .00006056  00000-0  11838-3 0  9993
2 25544  51.6451 172.0044 0004138  50.9000 316.9051 15.48905523305232
AEROCUBE 12A            
1 43556U 18046C   21275.50447154  .00005947  00000-0  19779-3 0  9990
2 43556  51.6410 353.2863 0007286 185.4130 174.6774 15.32550473179690
AEROCUBE 12B            
1 43557U 18046D   21274.86157532  .00006681  00000-0  22555-3 0  9999
2 43557  51.6411 358.7000 0007508 181.2634 178.8329 15.31852388179517
LEMUR-2-VU              
1 43558U 18046E   21275.49735633  .00008142  00000-0  24555-3 0  9990
2 43558  51.6416 343.7324 0006130 193.5662 166.5157 15.35169079179811
LEMUR-2-ALEXANDER       
1 43559U 18046F   21275.46494833  .00009961  00000-0  29533-3 0  9993
2 43559  51.6413 342.7896 0006193 193.7985 166.2829 15.35440967179609
LEMUR-2-YUASA           
1 43560U 18046G   21274.49232481  .00015274  00000-0  45133-3 0  9994
2 43560  51.6415 349.0185 0006445 204.7029 155.3646 15.35112331179658
LEMUR-2-TOMHENDERSON    
1 43561U 18046H   21274.46783074  .00012009  00000-0  36219-3 0  9999
2 43561  51.6425 350.3309 0006611 198.2753 161.7993 15.34687599179196
ISS DEB (SEDA-AP)       
1 43870U 98067PU  21274.85282202  .00016281  00000-0  17150-3 0  9992
2 43870  51.6341 113.3360 0002937  19.2760 340.8345 15.64425593158271
UNITE                   
1 44031U 98067PX  21275.13393097  .00303815  49603-4  60107-3 0  9997
2 44031  51.6332  67.6520 0005955 306.4861  53.5599 15.99431260152602
ISS DEB                 
1 44303U 98067QA  21274.90177175  .00022682  00000-0  26225-3 0  9997
2 44303  51.6376 137.1614 0003839 279.0647  80.9912 15.61769949133233
ISS DEB                 
1 44306U 98067QD  21275.31685627  .00017352  00000-0  19457-3 0  9999
2 44306  51.6359 133.8096 0004884 279.4109  80.6333 15.62760462133328
RAAVANA-1               
1 44329U 98067QE  21274.70110927  .02560949  11907-4  10973-2 0  9994
2 44329  51.6200  87.9792 0011512 294.4014  65.5804 16.21823327131046
UGUISU                  
1 44330U 98067QF  21275.48906649  .00999007  62040-3  88856-3 0  9994
2 44330  51.6188  85.6215 0010683 296.8759  63.1164 16.12203612131129
NEPALISAT-1             
1 44331U 98067QG  21275.46092524  .02055361  11901-4  89425-3 0  9993
2 44331  51.6190  83.9231 0011844 299.3970  60.5866 16.21626966131159
SPOOQY-1                
1 44332U 98067QH  21274.66403505  .00538240  14451-3  84156-3 0  9998
2 44332  51.6230  91.4873 0006188 301.4508  58.5898 16.03392581130949
RED-EYE 1 (PINOT)       
1 44364U 98067QJ  21275.31591928  .00015324  00000-0  17938-3 0  9992
2 44364  51.6381 136.1719 0005068 278.9907  81.0513 15.61752889128872
KRAKSAT                 
1 44427U 98067QM  21275.30585541  .00069582  00000-0  46377-3 0  9999
2 44427  51.6378 114.6734 0002433 250.2046 281.8897 15.74726171128263
VCC A                   
1 44428U 98067QN  21274.94605178  .00398931  76347-4  88891-3 0  9999
2 44428  51.6282  95.8400 0006912 279.0516  80.9711 15.97260300128484
VCC B                   
1 44431U 98067QR  21275.48824473  .00470142  11013-3  77337-3 0  9990
2 44431  51.6216  91.0271 0008323 284.3435  75.6652 16.02515519128539
RWASAT-1                
1 44790U 98067QV  21275.37119061  .00010707  00000-0  11951-3 0  9994
2 44790  51.6408 140.6050 0004287 334.3731 197.7189 15.63385062106155
AQT-D                   
1 44791U 98067QW  21275.35578010  .00026836  00000-0  28637-3 0  9995
2 44791  51.6369 140.9711 0004226 298.7436  61.3134 15.63729744106152
NARSSCUBE-1             
1 44792U 98067QX  21275.30416522  .00077704  00000-0  48774-3 0  9994
2 44792  51.6342 125.4353 0002255 275.1747  84.8995 15.76059399106351
STPSAT-4                
1 45043U 98067QY  21275.38543085  .00012794  00000-0  18613-3 0  9994
2 45043  51.6396 159.8570 0003929 316.2930  43.7750 15.56130747 95144
HARP                    
1 45256U 98067QZ  21275.37569810  .00029445  00000-0  32221-3 0  9995
2 45256  51.6413 147.8872 0004661 304.6651  55.3903 15.63030445 91975
1998-067RA              
1 45257U 98067RA  21275.07199748  .00033745  00000-0  39661-3 0  9995
2 45257  51.6370 151.7531 0004859 309.2350  50.8212 15.61108228 91897
PHOENIX                 
1 45258U 98067RB  21275.36889719  .00017377  00000-0  22220-3 0  9998
2 45258  51.6380 152.9850 0004187 286.5672  73.4861 15.59320285 91879
1998-067RC              
1 45259U 98067RC  21275.33923594  .00045457  00000-0  40321-3 0  9998
2 45259  51.6359 141.5231 0003441 296.4564  63.6079 15.68093806 92054
CRYOCUBE                
1 45260U 98067RD  21275.17217958  .00112721  00000-0  69027-3 0  9995
2 45260  51.6343 137.3526 0003511 262.8847  97.1754 15.76464726 92108
AZTECHSAT-1             
1 45261U 98067RE  21275.31678796  .00087016  00000-0  55026-3 0  9995
2 45261  51.6323 133.0277 0003499 274.7891  85.2710 15.75840608 92150
RADSAT-U                
1 45262U 98067RF  21275.37738445  .00025004  00000-0  28916-3 0  9997
2 45262  51.6407 149.3900 0003705 351.9913   8.1021 15.61702745 91961
QARMAN                  
1 45263U 98067RG  21275.14443770  .00066187  00000-0  58409-3 0  9994
2 45263  51.6357 143.2149 0003486 288.6353  71.4265 15.68060868 92047
SORTIE                  
1 45264U 98067RH  21275.28265130  .00014834  00000-0  20848-3 0  9990
2 45264  51.6412 157.7253 0005673 315.6738  44.3799 15.56916593 91833
ICS-EF (ISS DEB)        
1 45265U 98067RJ  21274.97528526  .00010520  00000-0  16939-3 0  9991
2 45265  51.6402 166.1030 0004172 314.5850  45.4800 15.53550470 91375
G-SAT                   
1 45597U 98067RK  21274.91300745  .00037423  00000-0  43089-3 0  9991
2 45597  51.6382 153.7268 0002442  26.0221 334.0896 15.61600359 81226
QUETZAL-1               
1 45598U 98067RL  21275.34878221  .00041248  00000-0  41357-3 0  9995
2 45598  51.6376 148.3762 0001240 114.5476 245.5649 15.65094201 81262
RED-EYE 2 (MERLOT)      
1 45800U 98067RM  21274.71355718  .00017961  00000-0  26932-3 0  9999
2 45800  51.6409 165.9011 0000452  36.2039 323.8982 15.54994901 73216
RED-EYE 3 (CABERNET)    
1 45809U 98067RN  21275.42031634  .00012658  00000-0  19173-3 0  9992
2 45809  51.6411 162.3725 0000380 347.7836  12.3146 15.55035034 72301
DEMI                    
1 45916U 98067RP  21275.25631336  .00040164  00000-0  42959-3 0  9998
2 45916  51.6396 152.2872 0002305 224.7836 135.2973 15.63465256 69419
SPOC                    
1 46921U 98067RR  21274.97825521  .00027083  00000-0  37434-3 0  9991
2 46921  51.6408 163.9445 0002795 123.5839 236.5420 15.56935690 51438
BOBCAT-1                
1 46922U 98067RS  21275.28597557  .00032260  00000-0  39497-3 0  9996
2 46922  51.6412 159.2793 0002720 139.3007 220.8189 15.60070198 51489
NEUTRON-1               
1 46923U 98067RT  21275.06675833  .00025653  00000-0  35669-3 0  9992
2 46923  51.6409 163.7826 0002746 132.2114 227.9111 15.56807443 51470
1998-067RU              
1 46924U 98067RU  21275.07354131  .00101029  00000-0  87451-3 0  9997
2 46924  51.6363 153.2821 0003894 178.1166 181.9846 15.68355652 51578
LEMUR-2-BAXTER-OLIVER   
1 46925U 98067RV  21275.37595843  .00089222  00000-0  69863-3 0  9995
2 46925  51.6414 150.1236 0003359 181.4822 178.6167 15.70835458 51618
LEMUR-2-DJARA           
1 46926U 98067RW  21275.27754042  .00070714  00000-0  62556-3 0  9991
2 46926  51.6414 152.4728 0002192 168.3299 191.7749 15.67977890 51598
DESCENT                 
1 46927U 98067RX  21275.39278870  .00018340  00000-0  25681-3 0  9990
2 46927  51.6403 162.2056 0002891 149.3945 210.7216 15.56844933 51436
ISS DEB                 
1 47853U 98067RZ  21275.10657893  .00004526  00000-0  87173-4 0  9990
2 47853  51.6429 173.0182 0003346 121.1525 238.9792 15.50022309 31800
RSP-01                  
1 47925U 98067SB  21274.88350421  .00028360  00000-0  43193-3 0  9996
2 47925  51.6416 170.7928 0002654  94.7567 265.3727 15.54266374 31314
TAUSAT-1                
1 47926U 98067SC  21274.41481420  .00036915  00000-0  53634-3 0  9996
2 47926  51.6400 172.1541 0003569  89.4880 270.6521 15.55418515 31240
TSURU                   
1 47927U 98067SD  21275.42114818  .00016345  00000-0  25599-3 0  9997
2 47927  51.6419 168.3831 0002649  92.8551 267.2743 15.53872082 31396
STARS-EC                
1 47928U 98067SE  21274.73233181  .00039345  00000-0  57659-3 0  9993
2 47928  51.6408 171.2727 0006325 144.5415 215.5998 15.55139098 31271
MMSATS-1                
1 47976U 98067SJ  21275.44733362  .00008017  00000-0  14398-3 0  9996
2 47976  51.6456 170.7679 0003485 124.1137 236.0177 15.50849062 30142
SOYUZ-MS 18             
1 48159U 21029A   21274.25816815  .00005249  00000-0  10377-3 0  9994
2 48159  51.6450 178.2593 0004287  46.8394 104.8068 15.48887264 27111
CREW DRAGON 2           
1 48209U 21030A   21274.25816815  .00005249  00000-0  10377-3 0  9992
2 48209  51.6450 178.2593 0004287  46.8394 104.8068 15.48887264 25362
TIANHE                  
1 48274U 21035A   21275.52799769  .00005584  00000-0  67490-4 0  9999
2 48274  41.4714 348.3038 0000826 349.3568 226.0594 15.61390809 24489
TIANZHOU-2              
1 48803U 21046A   21274.53363095  .00005434  00000-0  65818-4 0  9994
2 48803  41.4715 354.3609 0000947 343.7614  35.0327 15.61378428 24332
RAMSAT                  
1 48850U 98067SL  21275.27701371  .00012652  00000-0  21845-3 0  9999
2 48850  51.6421 171.8901 0004706 166.0146 194.0975 15.51375311 17087
SOAR                    
1 48851U 98067SM  21275.42562315  .00052736  00000-0  75916-3 0  9995
2 48851  51.6389 169.8733 0005698 161.7010 198.4187 15.55498824 17165
BD-28                   
1 48867U 98067SN  21274.88225637  .00019838  00000-0  33459-3 0  9996
2 48867  51.6414 173.7564 0003085 189.9094 170.1835 15.51650606 15775
MIR-SAT 1               
1 48868U 98067SP  21275.44106530  .00028225  00000-0  45140-3 0  9990
2 48868  51.6413 170.7383 0003797 162.1936 197.9187 15.52913765 15898
PROGRESS-MS 17          
1 48869U 21057A   21274.25816815  .00005249  00000-0  10377-3 0  9993
2 48869  51.6450 178.2593 0004287  46.8394 104.8068 15.48887264 14463
ISS (NAUKA)             
1 49044U 21066A   21274.25816815  .00005249  00000-0  10377-3 0  9999
2 49044  51.6450 178.2593 0004287  46.8394 104.8068 15.48887264305035
CYGNUS NG-16            
1 49064U 21072A   21274.25816815  .00005249  00000-0  10377-3 0  9998
2 49064  51.6450 178.2593 0004287  46.8394 104.8068 15.48887264  7968
