SPACEBEE-4              
1 43139U 18004AE  21275.45370784  .00009790  00000-0  32979-3 0  9996
2 43139  97.4113 353.5553 0007802 170.0792 190.0605 15.30931616207240
SPACEBEE-3              
1 43140U 18004AF  21275.48760276  .00013497  00000-0  42365-3 0  9999
2 43140  97.4151 355.4435 0007343 164.8803 195.2660 15.33123490207365
SPACEBEE-2              
1 43141U 18004AG  21275.18730542  .00015842  00000-0  48493-3 0  9994
2 43141  97.4172 355.8539 0007153 164.2936 195.8530 15.33887355207356
SPACEBEE-1              
1 43142U 18004AH  21274.78141992  .00024026  00000-0  71221-3 0  9994
2 43142  97.4183 356.1723 0007101 163.4107 196.7369 15.34816187207325
SPACEBEE-7              
1 43816U 18099BL  21275.15888212  .00001137  00000-0  10549-3 0  9995
2 43816  97.6600 344.2560 0014365  46.2889 313.9520 14.96300538154015
SPACEBEE-5              
1 43817U 18099BM  21275.47083054  .00003114  00000-0  26993-3 0  9999
2 43817  97.6692 346.1694 0013281  44.9097 315.3197 14.97750775154129
SPACEBEE-6              
1 43818U 18099BN  21275.16135981  .00001571  00000-0  14225-3 0  9993
2 43818  97.6630 344.7484 0014222  45.7531 314.4855 14.96740542154188
SPACEBEE-9              
1 44370U 19037F   21275.41242810  .00080719  00000-0  72598-3 0  9996
2 44370  44.9950 324.2664 0006445  57.6474 302.5047 15.67307320127904
SPACEBEE-21             
1 46300U 20061AE  21274.75102640  .00007472  00000-0  42951-3 0  9997
2 46300  97.4822 346.5097 0001770  71.2921 288.8502 15.12770893 59367
SPACEBEE-20             
1 46301U 20061AF  21274.74918710  .00007439  00000-0  42769-3 0  9990
2 46301  97.4831 346.5387 0001744  70.8157 289.3262 15.12764688 59361
SPACEBEE-15             
1 46302U 20061AG  21274.72446257  .00007359  00000-0  42051-3 0  9996
2 46302  97.4826 346.5445 0001771  78.6186 281.5244 15.12986235 59367
SPACEBEE-19             
1 46303U 20061AH  21274.73829480  .00007433  00000-0  42615-3 0  9990
2 46303  97.4828 346.5355 0001732  73.1515 286.9906 15.12865409 59366
SPACEBEE-18             
1 46304U 20061AJ  21274.73965593  .00007314  00000-0  41954-3 0  9990
2 46304  97.4826 346.5292 0001748  74.5306 285.6118 15.12853478 59369
SPACEBEE-10             
1 46305U 20061AK  21275.47645680  .00006576  00000-0  37254-3 0  9992
2 46305  97.4835 347.3967 0001656  78.5890 281.5527 15.13341224 59482
SPACEBEE-17             
1 46306U 20061AL  21275.45366105  .00005118  00000-0  29385-3 0  9990
2 46306  97.4828 347.2686 0001754  74.8261 285.3164 15.12963364 59519
SPACEBEE-11             
1 46307U 20061AM  21274.76353213  .00008739  00000-0  49564-3 0  9993
2 46307  97.4827 346.6607 0001593  76.5866 283.5543 15.13203679 59378
SPACEBEE-16             
1 46308U 20061AN  21274.72267961  .00007249  00000-0  41436-3 0  9999
2 46308  97.4830 346.5650 0001746  75.3244 284.8180 15.12981225 59366
SPACEBEE-12             
1 46309U 20061AP  21274.77119905  .00007911  00000-0  44991-3 0  9994
2 46309  97.4826 346.6484 0001624  76.0293 284.1119 15.13133571 59375
SPACEBEE-13             
1 46310U 20061AQ  21274.77800106  .00007348  00000-0  41880-3 0  9994
2 46310  97.4826 346.6406 0001686  76.5430 283.5988 15.13080944 59414
SPACEBEE-14             
1 46311U 20061AR  21275.44145911  .00005302  00000-0  30347-3 0  9990
2 46311  97.4827 347.2882 0001652  76.3643 283.7772 15.13061046 59503
SPACEBEE-34             
1 46933U 20085E   21275.34273392  .00014611  00000-0  58099-3 0  9997
2 46933  97.3987  50.8116 0014034 270.2357  89.7276 15.25301198 48139
SPACEBEE-35             
1 46934U 20085F   21274.89856877  .00013562  00000-0  54244-3 0  9994
2 46934  97.3994  50.3436 0013818 273.2991  86.6666 15.25125330 48067
SPACEBEE-36             
1 46935U 20085G   21275.36615282  .00013647  00000-0  54746-3 0  9992
2 46935  97.3998  50.8095 0013406 269.7301  90.2403 15.25028643 48133
SPACEBEE-37             
1 46936U 20085H   21275.32580812  .00012708  00000-0  51413-3 0  9994
2 46936  97.4009  50.7214 0013648 271.2537  88.7143 15.24759017 48124
SPACEBEE-38             
1 46937U 20085J   21274.93914618  .00012404  00000-0  50212-3 0  9995
2 46937  97.4002  50.2910 0013795 274.0423  85.9238 15.24744186 48062
SPACEBEENZ-3            
1 46938U 20085K   21275.13399939  .00007841  00000-0  33132-3 0  9993
2 46938  97.4036  50.2380 0013839 271.5459  88.4254 15.23429516 48074
SPACEBEENZ-4            
1 46939U 20085L   21274.94741187  .00007514  00000-0  31854-3 0  9994
2 46939  97.4040  50.0291 0014216 273.9630  85.9984 15.23329365 48046
SPACEBEENZ-5            
1 46941U 20085N   21274.89089723  .00007527  00000-0  31975-3 0  9990
2 46941  97.4041  49.9489 0014115 273.6387  86.3248 15.23260374 48031
SPACEBEENZ-6            
1 46942U 20085P   21274.89499893  .00007122  00000-0  30316-3 0  9993
2 46942  97.4043  49.9568 0014331 273.1596  86.8002 15.23205944 48034
SPACEBEE-33             
1 46944U 20085R   21274.89801570  .00011282  00000-0  46972-3 0  9991
2 46944  97.4025  49.8406 0013104 285.1783  74.8005 15.23830703 48031
SPACEBEE-29             
1 46945U 20085S   21275.21580607  .00012034  00000-0  49834-3 0  9990
2 46945  97.3986  50.1918 0012523 283.5922  76.3920 15.24001656 48087
SPACEBEE-32             
1 46946U 20085T   21274.89766587  .00011374  00000-0  47306-3 0  9995
2 46946  97.3990  49.8466 0013018 284.6737  75.3057 15.23864224 48034
SPACEBEE-31             
1 46947U 20085U   21274.89557593  .00011566  00000-0  48051-3 0  9992
2 46947  97.3986  49.8516 0012931 285.0985  74.8822 15.23897964 48030
SPACEBEE-28             
1 46948U 20085V   21275.14873462  .00012261  00000-0  50720-3 0  9997
2 46948  97.3991  50.1346 0012769 285.3368  74.6553 15.24029456 48077
SPACEBEE-30             
1 46949U 20085W   21274.95797187  .00011654  00000-0  48368-3 0  9995
2 46949  97.3987  49.9254 0012644 284.3781  75.6053 15.23933429 48043
SPACEBEE-27             
1 46950U 20085X   21275.13847077  .00012802  00000-0  52698-3 0  9999
2 46950  97.3988  50.1533 0012170 284.8150  75.1792 15.24192477 48078
SPACEBEE-25             
1 46951U 20085Y   21274.92768142  .00013385  00000-0  54880-3 0  9993
2 46951  97.4008  49.9833 0013130 288.4610  71.5200 15.24302817 48042
SPACEBEE-24             
1 46952U 20085Z   21274.95098957  .00012216  00000-0  50482-3 0  9993
2 46952  97.4038  49.9401 0012912 285.9765  74.0052 15.24065054 48049
SPACEBEE-22             
1 46953U 20085AA  21274.92396450  .00013420  00000-0  54915-3 0  9993
2 46953  97.3989  49.9721 0013128 288.0357  71.9450 15.24368434 48046
SPACEBEE-26             
1 46956U 20085AD  21274.88616945  .00012223  00000-0  50516-3 0  9998
2 46956  97.4037  49.8820 0012352 285.3243  74.6630 15.24065956 47957
SPACEBEENZ-2            
1 46957U 20085AE  21275.19010415  .00008264  00000-0  34814-3 0  9997
2 46957  97.4035  50.3204 0014106 271.1568  88.8055 15.23511401 48040
SPACEBEE-39             
1 46958U 20085AF  21274.95479405  .00012077  00000-0  49129-3 0  9991
2 46958  97.3987  50.2645 0013343 272.1693  87.8016 15.24591663 47365
SPACEBEENZ-1            
1 46959U 20085AG  21274.91504347  .00008125  00000-0  34117-3 0  9992
2 46959  97.4067  50.0862 0014324 272.5266  87.4333 15.23622038 47521
SPACEBEE-23             
1 46960U 20085AH  21275.19201964  .00013198  00000-0  54099-3 0  9991
2 46960  97.3985  50.2283 0012939 286.8436  73.1423 15.24317111 47208
SPACEBEE-52             
1 47425U 21006N   21275.15776434  .00009903  00000-0  51854-3 0  9992
2 47425  97.4829 335.2078 0015720  93.4102 266.8929 15.15909487 38232
SPACEBEE-46             
1 47426U 21006P   21274.85202667  .00009462  00000-0  50001-3 0  9994
2 47426  97.4822 334.8407 0015745  94.2783 266.0249 15.15595580 39141
SPACEBEE-47             
1 47427U 21006Q   21274.86102092  .00009011  00000-0  47745-3 0  9998
2 47427  97.4820 334.8235 0015703  94.8685 265.4341 15.15518551 38182
SPACEBEE-59             
1 47428U 21006R   21275.39864516  .00006701  00000-0  35676-3 0  9997
2 47428  97.4821 335.3363 0015648  94.0808 266.2213 15.15450979 38264
SPACEBEE-62             
1 47429U 21006S   21275.41472228  .00002611  00000-0  14507-3 0  9992
2 47429  97.4790 335.0928 0015965  89.9712 270.3349 15.14485919 38259
SPACEBEE-61             
1 47431U 21006U   21275.40398819  .00005088  00000-0  29251-3 0  9990
2 47431  97.4859 334.5506 0008052 100.8952 259.3185 15.12891855 38200
SPACEBEE-49             
1 47432U 21006V   21274.82256017  .00006535  00000-0  37575-3 0  9995
2 47432  97.4866 333.9589 0007846 102.5717 257.6392 15.12785161 39070
SPACEBEE-60             
1 47433U 21006W   21275.15840095  .00006796  00000-0  39058-3 0  9995
2 47433  97.4869 334.2854 0007580 102.4304 257.7776 15.12790604 38163
SPACEBEE-53             
1 47434U 21006X   21274.87821743  .00007847  00000-0  44781-3 0  9990
2 47434  97.4874 334.0595 0007427 103.7356 256.4702 15.12995696 39086
SPACEBEE-63             
1 47442U 21006AF  21275.40325795  .00002354  00000-0  14051-3 0  9990
2 47442  97.4831 334.3437 0008299 100.6168 259.5997 15.12061930 38197
SPACEBEE-50             
1 47443U 21006AG  21275.39806631  .00005333  00000-0  30619-3 0  9990
2 47443  97.4857 334.5535 0008162 100.7257 259.4893 15.12921650 38206
SPACEBEE-51             
1 47444U 21006AH  21274.91407013  .00009162  00000-0  51867-3 0  9991
2 47444  97.4787 333.8663 0007981 104.8420 255.3695 15.13228951 38130
SPACEBEE-48             
1 47447U 21006AL  21275.16349056  .00009428  00000-0  51300-3 0  9991
2 47447  97.4777 334.5609 0013138  95.5630 264.7101 15.14591992 38203
SPACEBEE-40             
1 47449U 21006AN  21275.44334277  .00006634  00000-0  36414-3 0  9998
2 47449  97.4776 334.8046 0013068  94.4222 265.8504 15.14397626 38240
SPACEBEE-41             
1 47451U 21006AQ  21275.44807979  .00006843  00000-0  37577-3 0  9998
2 47451  97.4779 334.8149 0012899  94.8253 265.4453 15.14373728 38245
SPACEBEE-42             
1 47455U 21006AU  21274.86270263  .00008681  00000-0  47669-3 0  9992
2 47455  97.4780 334.2328 0012781  96.6829 263.5858 15.14292797 38157
SPACEBEE-55             
1 47459U 21006AY  21275.40106660  .00002717  00000-0  15582-3 0  9999
2 47459  97.4752 334.5300 0013981  99.0086 261.2728 15.13335547 38227
SPACEBEE-54             
1 47460U 21006AZ  21274.86646342  .00008263  00000-0  45424-3 0  9996
2 47460  97.4785 334.2393 0012670  96.8982 263.3692 15.14270857 38156
SPACEBEE-58             
1 47464U 21006BD  21275.12450713  .00009126  00000-0  48325-3 0  9997
2 47464  97.4822 335.0900 0015709  94.1200 266.1828 15.15535282 38222
SPACEBEE-57             
1 47465U 21006BE  21275.40858733  .00002273  00000-0  13593-3 0  9998
2 47465  97.4774 334.1436 0007599 106.9895 253.2168 15.12033410 38196
SPACEBEE-44             
1 47466U 21006BF  21274.91372312  .00008406  00000-0  47760-3 0  9995
2 47466  97.4790 333.8856 0008441 103.4287 256.7885 15.13123100 38136
SPACEBEE-56             
1 47468U 21006BH  21275.44662407  .00005871  00000-0  33535-3 0  9991
2 47468  97.4793 334.4065 0008494 101.5567 258.6618 15.13059304 38216
SPACEBEE-45             
1 47470U 21006BK  21275.43709878  .00005837  00000-0  33254-3 0  9997
2 47470  97.4797 334.4293 0008706 101.8160 258.4048 15.13155940 38212
SPACEBEE-43             
1 47480U 21006BV  21275.44462475  .00006266  00000-0  35714-3 0  9998
2 47480  97.4790 334.3967 0008384 101.9761 258.2411 15.13114620 38215
SPACEBEE-87             
1 47703U 21015E   21274.74385690  .00012407  00000-0  52587-3 0  9992
2 47703  97.4456 348.1521 0008808 257.9419 102.0831 15.23244501 32774
SPACEBEE-86             
1 47704U 21015F   21274.73937116  .00012763  00000-0  53970-3 0  9990
2 47704  97.4453 348.1533 0008752 258.2040 101.8215 15.23317087 32758
SPACEBEE-85             
1 47705U 21015G   21274.73997158  .00012853  00000-0  54348-3 0  9993
2 47705  97.4455 348.1510 0008731 257.5744 102.4516 15.23316533 32774
SPACEBEE-84             
1 47706U 21015H   21275.46220539  .00008829  00000-0  37421-3 0  9998
2 47706  97.4456 348.8679 0008735 254.4759 105.5513 15.23340349 32880
SPACEBEE-83             
1 47707U 21015J   21275.20503703  .00009514  00000-0  40390-3 0  9999
2 47707  97.4458 348.5999 0008749 255.7184 104.3081 15.23262582 32841
SPACEBEE-82             
1 47708U 21015K   21275.45606450  .00009046  00000-0  38214-3 0  9992
2 47708  97.4451 348.8724 0008718 254.3619 105.6656 15.23443983 32880
SPACEBEE-81             
1 47709U 21015L   21275.45464866  .00009202  00000-0  38845-3 0  9990
2 47709  97.4454 348.8748 0008686 254.1836 105.8443 15.23465432 32804
SPACEBEE-78             
1 47710U 21015M   21274.72981829  .00013774  00000-0  57897-3 0  9991
2 47710  97.4454 348.1599 0008629 256.9478 103.0795 15.23503656 32779
SPACEBEE-76             
1 47711U 21015N   21274.78683808  .00014266  00000-0  59732-3 0  9991
2 47711  97.4451 348.2371 0008601 256.5278 103.5001 15.23627331 32783
SPACEBEE-80             
1 47712U 21015P   21274.73069074  .00013537  00000-0  56947-3 0  9995
2 47712  97.4452 348.1582 0008682 256.9689 103.0579 15.23480406 32771
SPACEBEE-77             
1 47714U 21015Q   21274.72406080  .00013965  00000-0  58550-3 0  9995
2 47714  97.4452 348.1684 0008620 256.8468 103.1807 15.23585850 32697
SPACEBEE-79             
1 47715U 21015R   21275.19459976  .00009712  00000-0  41014-3 0  9992
2 47715  97.4459 348.6178 0008683 255.2580 104.7695 15.23435150 32841
SPACEBEE-65             
1 48626U 21006ES  21274.64607932  .00009675  00000-0  51313-3 0  9991
2 48626  97.2473 329.6014 0017031  85.1139 275.2038 15.15432468 38135
SPACEBEE-64             
1 48627U 21006ET  21274.71200677  .00009513  00000-0  50448-3 0  9994
2 48627  97.2471 329.6641 0017040  84.8518 275.4660 15.15439119 38141
SPACEBEE-66             
1 48628U 21006EU  21274.71486798  .00009032  00000-0  47994-3 0  9993
2 48628  97.2471 329.6606 0017130  84.8297 275.4891 15.15382865 38148
SPACEBEE-67             
1 48629U 21006EV  21274.71559757  .00008523  00000-0  45323-3 0  9998
2 48629  97.2471 329.6600 0017163  84.7982 275.5209 15.15371962 38149
SPACEBEE-68             
1 48630U 21006EW  21274.71785948  .00008887  00000-0  47279-3 0  9998
2 48630  97.2472 329.6581 0017249  84.9649 275.3553 15.15342905 38142
SPACEBEE-69             
1 48631U 21006EX  21274.71956528  .00008583  00000-0  45707-3 0  9990
2 48631  97.2472 329.6565 0017309  85.0055 275.3153 15.15318916 38146
SPACEBEE-70             
1 48632U 21006EY  21274.72387227  .00007966  00000-0  42501-3 0  9999
2 48632  97.2471 329.6510 0017542  84.9355 275.3879 15.15268570 38141
SPACEBEE-71             
1 48633U 21006EZ  21274.72844697  .00007914  00000-0  42292-3 0  9999
2 48633  97.2471 329.6453 0017736  85.0034 275.3223 15.15212216 38148
SPACEBEE-72             
1 48634U 21006FA  21274.73387397  .00007480  00000-0  40069-3 0  9998
2 48634  97.2472 329.6404 0017939  84.7008 275.6271 15.15140189 38143
SPACEBEE-73             
1 48635U 21006FB  21275.46451798  .00005475  00000-0  29456-3 0  9996
2 48635  97.2472 330.3276 0018145  82.6757 277.6537 15.15099100 38253
SPACEBEE-74             
1 48636U 21006FC  21274.87680651  .00007329  00000-0  39405-3 0  9998
2 48636  97.2474 329.7535 0018454  84.5671 275.7667 15.15007857 38166
SPACEBEE-75             
1 48637U 21006FD  21274.88368982  .00007379  00000-0  39757-3 0  9995
2 48637  97.2475 329.7450 0018740  84.5274 275.8096 15.14926733 38160
SPACEBEENZ-10           
1 48882U 21059D   21274.76648429  .00006469  00000-0  37667-3 0  9996
2 48882  97.5245  42.1056 0007417 279.7231  80.3162 15.12340445 14804
SPACEBEE-100            
1 48883U 21059E   21274.77159437  .00004717  00000-0  27713-3 0  9999
2 48883  97.5248  42.0990 0007781 277.0274  83.0071 15.12158528 14804
SPACEBEE-101            
1 48884U 21059F   21274.77005724  .00004543  00000-0  26681-3 0  9999
2 48884  97.5249  42.1035 0007472 279.4356  80.6029 15.12194335 14803
SPACEBEE-102            
1 48886U 21059H   21274.76787038  .00004565  00000-0  26772-3 0  9990
2 48886  97.5250  42.1057 0007535 278.8355  81.2022 15.12238742 14804
SPACEBEENZ-9            
1 48887U 21059J   21274.76658278  .00006660  00000-0  38766-3 0  9998
2 48887  97.5245  42.1056 0007395 279.8471  80.1924 15.12342859 14806
SPACEBEE-103            
1 48888U 21059K   21274.76520697  .00004754  00000-0  27813-3 0  9995
2 48888  97.5250  42.1093 0007604 276.6226  83.4139 15.12308314 14802
SPACEBEENZ-7            
1 48889U 21059L   21275.28788759  .00004631  00000-0  26976-3 0  9992
2 48889  97.5269  42.6635 0007931 277.7250  82.3080 15.12476017 14889
SPACEBEE-104            
1 48890U 21059M   21274.77246062  .00003078  00000-0  18295-3 0  9992
2 48890  97.5244  42.0934 0008062 278.6382  81.3935 15.11995195 14804
SPACEBEENZ-8            
1 48891U 21059N   21275.35360398  .00004644  00000-0  27045-3 0  9990
2 48891  97.5268  42.7283 0007969 277.4163  82.6162 15.12483553 14890
SPACEBEE-106            
1 48893U 21059Q   21274.76019440  .00004277  00000-0  25018-3 0  9995
2 48893  97.5270  42.1410 0008132 279.5096  80.5215 15.12365723 14807
SPACEBEE-107            
1 48894U 21059R   21274.76040184  .00004732  00000-0  27619-3 0  9990
2 48894  97.5270  42.1397 0008058 278.3422  81.6895 15.12392670 14806
SPACEBEE-108            
1 48895U 21059S   21274.75942847  .00004223  00000-0  24706-3 0  9996
2 48895  97.5267  42.1380 0008254 278.7337  81.2959 15.12363347 14808
SPACEBEE-105            
1 48896U 21059T   21274.77341720  .00003649  00000-0  21556-3 0  9993
2 48896  97.5244  42.0908 0008058 268.3596  91.6711 15.12102978 14805
SPACEBEE-109            
1 48897U 21059U   21274.75746543  .00003958  00000-0  23163-3 0  9993
2 48897  97.5265  42.1367 0008443 276.8764  83.1506 15.12390176 14805
SPACEBEE-110            
1 48899U 21059W   21275.01564583  .00004372  00000-0  25422-3 0  9998
2 48899  97.5270  42.4120 0008494 273.9664  86.0596 15.12562973 14847
SPACEBEE-111            
1 48904U 21059AB  21275.13643915  .00004485  00000-0  25940-3 0  9995
2 48904  97.5274  42.5659 0009621 274.1479  85.8652 15.12741438 14863
SPACEBEE-92             
1 48932U 21059BF  21275.09110341  .00010165  00000-0  54939-3 0  9995
2 48932  97.5194  42.6896 0016347 275.7928  84.1440 15.14774141 14875
SPACEBEE-89             
1 48933U 21059BG  21275.42039127  .00008079  00000-0  43693-3 0  9991
2 48933  97.5192  43.0142 0016396 274.4609  85.4750 15.14817895 14927
SPACEBEE-96             
1 48934U 21059BH  21274.96046747  .00009890  00000-0  53535-3 0  9994
2 48934  97.5194  42.5573 0016326 276.1952  83.7420 15.14727248 14854
SPACEBEE-88             
1 48935U 21059BJ  21274.76036369  .00011144  00000-0  60127-3 0  9992
2 48935  97.5190  42.3597 0016404 276.7647  83.1718 15.14807068 14829
SPACEBEE-97             
1 48936U 21059BK  21274.76273172  .00009649  00000-0  52280-3 0  9996
2 48936  97.5197  42.3635 0016226 277.1117  82.8270 15.14701341 14825
SPACEBEE-94             
1 48937U 21059BL  21275.48739129  .00007826  00000-0  42393-3 0  9995
2 48937  97.5195  43.0803 0016339 274.3264  85.6101 15.14774678 14935
SPACEBEE-93             
1 48939U 21059BN  21275.48708016  .00007947  00000-0  43022-3 0  9992
2 48939  97.5193  43.0799 0016366 274.2392  85.6970 15.14790138 14933
SPACEBEE-91             
1 48940U 21059BP  21274.76013199  .00010557  00000-0  57013-3 0  9991
2 48940  97.5192  42.3615 0016414 276.9978  82.9387 15.14790230 14829
SPACEBEE-95             
1 48945U 21059BU  21275.48827182  .00007758  00000-0  42047-3 0  9991
2 48945  97.5197  43.0810 0016299 274.1816  85.7553 15.14757956 14932
SPACEBEE-99             
1 48946U 21059BV  21274.76239669  .00009756  00000-0  52825-3 0  9994
2 48946  97.5195  42.3616 0016326 276.9952  82.9423 15.14718411 14825
SPACEBEE-90             
1 48947U 21059BW  21274.75985265  .00010768  00000-0  58120-3 0  9993
2 48947  97.5191  42.3613 0016424 277.0124  82.9240 15.14804904 14821
SPACEBEE-98             
1 48949U 21059BY  21275.49013630  .00007479  00000-0  40609-3 0  9993
2 48949  97.5199  43.0800 0016295 274.0611  85.8759 15.14705255 14939
