TDRS 3                  
1 19548U 88091B   21275.41928194 -.00000294  00000-0  00000+0 0  9993
2 19548  13.8954 353.3757 0035465 323.4751 156.2970  1.00281793108134
HST                     
1 20580U 90037B   21275.16030624  .00001064  00000-0  53306-4 0  9995
2 20580  28.4699  78.9747 0002764 129.0605  34.1340 15.09758148527400
TDRS 5                  
1 21639U 91054B   21275.11800170  .00000091  00000-0  00000+0 0  9994
2 21639  14.2519   6.7053 0021560   2.4007 236.9054  1.00278593110470
TDRS 6                  
1 22314U 93003B   21275.41416841 -.00000289  00000-0  00000+0 0  9992
2 22314  14.1102   9.9119 0008129 117.7034 346.6876  1.00280741105149
TDRS 7                  
1 23613U 95035B   21274.80677711 -.00000194  00000-0  00000-0 0  9995
2 23613  14.0702   0.5988 0026298  50.0860 335.1693  1.00268703 96010
ISS (ZARYA)             
1 25544U 98067A   21275.52277778  .00006056  00000-0  11838-3 0  9993
2 25544  51.6451 172.0044 0004138  50.9000 316.9051 15.48905523305232
LANDSAT 7               
1 25682U 99020A   21275.07952518 -.00000267  00000-0 -49510-4 0  9997
2 25682  98.0204 328.1064 0001314 102.1785 257.9554 14.57204459194928
TERRA                   
1 25994U 99068A   21275.07621896  .00000110  00000-0  34252-4 0  9999
2 25994  98.1677 347.5034 0001354  91.6792 330.3090 14.57132924158990
TDRS 8                  
1 26388U 00034A   21274.80553620 -.00000226  00000-0  00000-0 0  9990
2 26388   9.9607  44.3085 0016360 336.1989   9.3283  1.00265667 77933
TIMED                   
1 26998U 01055B   21274.88321569  .00000339  00000-0  40638-4 0  9993
2 26998  74.0715  74.6102 0001232 328.3432  31.7675 14.88353131 74538
TDRS 9                  
1 27389U 02011A   21275.47764417 -.00000283  00000-0  00000+0 0  9993
2 27389   8.4727  63.1306 0022577 286.2383 131.5477  1.00279031 73206
AQUA                    
1 27424U 02022A   21275.12055556  .00000232  00000-0  61571-4 0  9992
2 27424  98.2160 214.9456 0001177  38.1407 138.3192 14.57110355 32607
TDRS 10                 
1 27566U 02055A   21275.04070781  .00000093  00000-0  00000+0 0  9993
2 27566   7.7340  51.3281 0005396 334.6013 188.5624  1.00273929 68980
SORCE                   
1 27651U 03004A   21275.27820791  .00000437  00000-0  59264-4 0  9995
2 27651  39.9948 218.3243 0021775  99.3458 260.9794 14.89383404 14587
AURA                    
1 28376U 04026A   21274.81786392  .00000219  00000-0  58673-4 0  9993
2 28376  98.2099 216.8090 0001129  83.1642 276.9684 14.57102995915569
SWIFT                   
1 28485U 04047A   21274.81087478  .00001974  00000-0  10373-3 0  9999
2 28485  20.5576 323.9203 0010674 261.7749  98.1474 15.05160251924598
THEMIS A                
1 30580U 07004A   21274.98763495 -.00000166  00000-0 -44634-1 0  9991
2 30580  16.1857   7.9691 8386839 117.1632 346.3787  0.87835111 50854
THEMIS D                
1 30797U 07004D   21274.93360396 -.00000097  00000-0  00000+0 0  9998
2 30797  12.9507 355.9611 8361832 131.5190 336.8711  0.87838092 50383
THEMIS E                
1 30798U 07004E   21275.24521437 -.00000123  00000-0  00000+0 0  9999
2 30798  12.9835   7.7637 8347546 122.4304  61.4796  0.87841724 50795
AIM                     
1 31304U 07015A   21274.70358636  .00003193  00000-0  17593-3 0  9992
2 31304  97.8574 179.9301 0005021 166.5940 193.5425 15.14772769791995
FGRST (GLAST)           
1 33053U 08029A   21274.89595044  .00000992  00000-0  39839-4 0  9999
2 33053  25.5817 129.2864 0012519  65.7383 294.4459 15.11605181734523
WISE                    
1 36119U 09071A   21275.09309234  .00002784  00000-0  94732-4 0  9994
2 36119  97.2755 309.6818 0003856 123.2385 236.9226 15.31244086655963
TDRS 11                 
1 39070U 13004A   21274.82472420  .00000076  00000-0  00000-0 0  9995
2 39070   3.2036 339.5523 0004026  96.0283  57.7751  1.00267451 29453
TDRS 12                 
1 39504U 14004A   21275.42551418 -.00000273  00000-0  00000+0 0  9999
2 39504   4.1088 343.1969 0002985 196.0129 304.4512  1.00269746 28218
GPM-CORE                
1 39574U 14009C   21274.86706553  .00009801  00000-0  14504-3 0  9993
2 39574  65.0071 348.1835 0011360 286.3451  73.6446 15.55737011431374
MMS 1                   
1 40482U 15011C   21258.42058084 -.00001860  00000-0  00000+0 0  9990
2 40482  33.5007 114.6989 8436997  37.2833  47.6472  0.28495839 12515
MMS 2                   
1 40483U 15011A   21258.46668899 -.00001857  00000-0  00000+0 0  9992
2 40483  33.5068 114.6905 8434770  37.2948  52.3509  0.28491614 12493
MMS 3                   
1 40484U 15011C   21258.46668899 -.00001860  00000-0  00000+0 0  9997
2 40484  33.4821 114.6504 8437754  37.3586  52.3120  0.28489266 12498
MMS 4                   
1 40485U 15011D   21258.42057985 -.00001860  00000-0  00000+0 0  9992
2 40485  33.5009 114.7085 8435900  37.2916  47.5998  0.28495883 12491
TDRS 13                 
1 42915U 17047A   21274.77431031 -.00000104  00000-0  00000-0 0  9998
2 42915   4.8586 331.5494 0015105 118.6898 187.7063  1.00272110 15109
JPSS-1                  
1 43013U 17073A   21275.46124187  .00000002  00000-0  21747-4 0  9996
2 43013  98.7262 212.5009 0001398  79.0950 281.0384 14.19555386200620
