GAOFEN 5-02             
1 49122U 21079A   21275.49403287  .00000036  00000-0  17924-4 0  9997
2 49122  98.2819 346.6943 0001654 157.7493 202.3777 14.57684759  3696
CZ-4C R/B               
1 49123U 21079B   21274.76528985  .00000423  00000-0  40047-4 0  9992
2 49123  98.3179 347.5191 0137485 341.9235  17.7120 14.93117451  3673
2021-079C               
1 49124U 21079C   21272.70469719  .00002623  00000-0  14257-3 0  9991
2 49124  98.4033 344.6074 0221823 232.2673 125.8261 14.96975531  3299
CHINASAT 9B             
1 49125U 21080A   21275.52687983 -.00000316  00000-0  00000+0 0  9997
2 49125   0.0479 262.9544 0003983 275.5948 124.0219  1.00271655   408
CZ-3B R/B               
1 49126U 21080B   21271.05107489  .00032205 -27827-7  20949-2 0  9992
2 49126  24.6386 156.0913 7211978 191.6724 132.0487  2.39915434   277
COSMOS 2551             
1 49127U 21082A   21275.48623590  .00395275  67652-4  78950-3 0  9993
2 49127  96.3457   3.0077 0010002 221.8787 138.1730 15.99730326  3612
SL-4 R/B                
1 49128U 21081B   21275.19571839  .00080712  41346-5  21673-3 0  9999
2 49128  96.3461   2.7075 0012754 187.1397 172.9701 15.94345243  3562
STARLINK-3096           
1 49131U 21082B   21275.25001157  .00049512  00000-0  41460-3 0  9998
2 49131  70.0002  75.9454 0003539 266.3659 234.7243 15.69718685  2946
STARLINK-3090           
1 49132U 21082C   21275.08334491 -.00020653  00000-0 -17125-3 0  9998
2 49132  70.0021  76.4228 0003375 276.8192   0.6915 15.69805433  2921
STARLINK-3077           
1 49133U 21082D   21275.58334491 -.00003033  00000-0 -23635-4 0  9991
2 49133  70.0003  75.0054 0003466 270.2648 316.0657 15.69748791  3009
STARLINK-3078           
1 49134U 21082E   21275.25001157  .00045980  00000-0  38528-3 0  9997
2 49134  70.0003  75.9327 0003431 269.9568 241.7653 15.69720862  4145
STARLINK-3073           
1 49135U 21082F   21275.25001157  .00065320  00000-0  54558-3 0  9999
2 49135  70.0003  75.9378 0003486 270.1567 237.3168 15.69709794  2944
STARLINK-3084           
1 49136U 21082G   21275.25001157 -.00012894  00000-0 -10638-3 0  9991
2 49136  70.0021  75.9470 0003497 269.8850 235.7186 15.69752275  2944
STARLINK-3055           
1 49137U 21082H   21275.25001157  .00077380  00000-0  64522-3 0  9992
2 49137  70.0003  75.9353 0003599 269.8748 239.7281 15.69702908  2942
STARLINK-3058           
1 49138U 21082J   21275.58334491 -.00003367  00000-0 -26434-4 0  9996
2 49138  70.0004  74.9903 0003801 272.6935 326.3965 15.69748956  3003
STARLINK-3057           
1 49139U 21082K   21275.58334491 -.00003302  00000-0 -25889-4 0  9999
2 49139  70.0004  74.9929 0003889 270.7760 326.1874 15.69748921  3002
STARLINK-3118           
1 49140U 21082L   21275.58334491 -.00020766  00000-0 -17243-3 0  9998
2 49140  70.0017  74.9935 0003108 275.3104 328.2609 15.69775565  3005
STARLINK-3093           
1 49141U 21082M   21275.25001157  .00083327  00000-0  69123-3 0  9997
2 49141  70.0001  75.9327 0003513 270.2432 247.6078 15.69806653  4157
STARLINK-3042           
1 49142U 21082N   21275.58334491 -.00200686  00000-0 -17169-2 0  9997
2 49142  70.0015  74.9872 0003416 275.0005 330.6149 15.69789467  3006
STARLINK-3109           
1 49143U 21082P   21275.58334491 -.00003794  00000-0 -30021-4 0  9993
2 49143  70.0004  74.9804 0003385 271.8495 335.7468 15.69749167  3005
STARLINK-3100           
1 49144U 21082Q   21275.58334491 -.00003875  00000-0 -30690-4 0  9996
2 49144  70.0004  74.9753 0003838 272.4756 339.3738 15.69749213  3001
STARLINK-3119           
1 49145U 21082R   21275.58334491 -.00023195  00000-0 -19290-3 0  9996
2 49145  70.0006  74.9793 0003832 273.0093 343.3439 15.69766262  3009
STARLINK-3116           
1 49146U 21082S   21275.50002315  .00013676  00000-0  11616-3 0  9991
2 49146  70.0012  75.2123 0003196 272.9831 230.4455 15.69748477  4158
STARLINK-3071           
1 49147U 21082T   21275.50002315  .00000172  00000-0  32241-5 0  9998
2 49147  70.0003  75.2121 0003904 271.3891 227.6183 15.69747293  4154
STARLINK-3048           
1 49148U 21082U   21275.50002315  .00016708  00000-0  14137-3 0  9993
2 49148  70.0021  75.2086 0003525 274.1683 235.7330 15.69763408  4110
STARLINK-3053           
1 49149U 21082V   21275.50002315  .00000180  00000-0  32902-5 0  9993
2 49149  70.0004  75.2020 0004237 272.3005 235.2131 15.69747327  4193
STARLINK-3104           
1 49150U 21082W   21275.50002315 -.00038404  00000-0 -32109-3 0  9994
2 49150  70.0007  75.1998 0003477 272.6064 241.4861 15.69771442  4198
STARLINK-3102           
1 49151U 21082X   21275.50002315 -.00102821  00000-0 -86810-3 0  9998
2 49151  70.0006  75.2024 0003633 273.6055 238.4185 15.69803546  4190
STARLINK-3081           
1 49152U 21082Y   21275.08334491 -.00044157  00000-0 -36961-3 0  9994
2 49152  70.0015  76.3657 0003658 279.6995  46.8092 15.69777133  4056
STARLINK-3072           
1 49153U 21082Z   21275.58334491 -.00039395  00000-0 -32928-3 0  9997
2 49153  70.0024  74.9659 0003439 272.8334 354.1697 15.69785157  3007
STARLINK-3068           
1 49154U 21082AA  21275.50002315  .00011950  00000-0  10172-3 0  9999
2 49154  70.0025  75.1924 0003722 274.6118 248.0708 15.69751891  4061
STARLINK-3060           
1 49155U 21082AB  21275.50002315 -.00023925  00000-0 -19908-3 0  9993
2 49155  70.0010  75.1969 0003328 270.0549 248.3539 15.69764565  4062
STARLINK-3085           
1 49156U 21082AC  21275.50002315  .00017079  00000-0  14452-3 0  9994
2 49156  70.0010  75.1844 0003502 273.6191 255.4287 15.69754898  4068
STARLINK-3051           
1 49157U 21082AD  21275.50002315  .00016039  00000-0  13591-3 0  9993
2 49157  70.0022  75.1903 0003828 272.4897 252.2741 15.69740698  4084
STARLINK-3083           
1 49158U 21082AE  21274.91667824 -.00007380  00000-0 -60025-4 0  9996
2 49158  70.0013  76.8172 0003318 282.3251 195.3655 15.69778158  3148
STARLINK-3056           
1 49159U 21082AF  21275.25001157  .00044001  00000-0  36882-3 0  9998
2 49159  70.0003  75.8825 0003717 269.7393 284.5133 15.69722540  4047
STARLINK-3095           
1 49160U 21082AG  21275.33334491  .00113311  00000-0  93980-3 0  9992
2 49160  70.0014  75.6449 0003243 274.0476  39.6437 15.69708482  4041
STARLINK-3080           
1 49161U 21082AH  21275.25001157  .00008894  00000-0  76194-4 0  9992
2 49161  70.0016  75.8848 0003432 277.4431 281.2881 15.69750166  4029
STARLINK-3082           
1 49162U 21082AJ  21275.50002315  .00016872  00000-0  14293-3 0  9994
2 49162  70.0021  75.1715 0003469 271.3671 268.2503 15.69731664  4153
STARLINK-3088           
1 49163U 21082AK  21275.50002315  .00016035  00000-0  13575-3 0  9998
2 49163  70.0016  75.1745 0003228 272.5385 264.9658 15.69765528  4159
STARLINK-3106           
1 49164U 21082AL  21275.25001157  .00008186  00000-0  70301-4 0  9993
2 49164  70.0002  75.8574 0003704 268.7442 306.7662 15.69742753  4113
STARLINK-3052           
1 49165U 21082AM  21275.50002315  .00459773  00000-0  37030-2 0  9991
2 49165  70.0005  75.1638 0003721 277.6551 264.1653 15.69370815  4191
STARLINK-3089           
1 49166U 21082AN  21275.25001157  .00008723  00000-0  74789-4 0  9996
2 49166  70.0002  75.8600 0003908 265.3630 308.0212 15.69742262  4158
STARLINK-3054           
1 49167U 21082AP  21275.25001157  .00092982  00000-0  77393-3 0  9990
2 49167  70.0003  75.8629 0003653 272.7829 298.5006 15.69689650  4155
STARLINK-3101           
1 49168U 21082AQ  21275.25001157  .00028454  00000-0  23948-3 0  9991
2 49168  70.0003  75.8499 0003651 267.3315 314.5627 15.69731692  4151
STARLINK-3046           
1 49169U 21082AR  21275.50002315 -.00051514  00000-0 -43129-3 0  9995
2 49169  70.0013  75.1590 0003601 271.5780 278.6282 15.69809931  4199
STARLINK-3074           
1 49170U 21082AS  21275.58334491  .00070914  00000-0  59186-3 0  9991
2 49170  70.0004  74.9058 0003466 267.7984  43.6138 15.69705590  3004
STARLINK-3107           
1 49171U 21082AT  21275.58334491 -.00021903  00000-0 -18198-3 0  9996
2 49171  70.0030  74.9231 0003666 272.4324  30.6845 15.69773979  4165
STARLINK-3091           
1 49172U 21082AU  21275.25001157  .00034065  00000-0  28530-3 0  9993
2 49172  70.0012  75.8468 0003648 271.6058 318.8449 15.69805348  2955
STARLINK-3045           
1 49173U 21082AV  21275.58334491 -.00180324  00000-0 -15340-2 0  9996
2 49173  70.0003  74.5936 0003507 282.0043 297.8878 15.69864424  3016
STARLINK-3047           
1 49174U 21082AW  21275.25001157 -.00025672  00000-0 -21376-3 0  9992
2 49174  70.0019  75.8522 0003546 272.0897 314.2942 15.69767272  4120
STARLINK-3087           
1 49175U 21082AX  21275.58334491  .00033707  00000-0  28325-3 0  9996
2 49175  70.0003  74.9009 0003595 268.0663  47.5899 15.69727207  3001
STARLINK-3069           
1 49176U 21082AY  21275.58334491  .00028272  00000-0  23799-3 0  9998
2 49176  70.0002  74.8908 0003510 269.3932  54.7680 15.69730366  3006
STARLINK-3103           
1 49177U 21082AZ  21275.58334491  .00036491  00000-0  30642-3 0  9996
2 49177  70.0004  74.8983 0003488 268.7163  49.0671 15.69725607  4207
STARLINK-3086           
1 49178U 21082BA  21275.58334491 -.00026475  00000-0 -22019-3 0  9999
2 49178  70.0030  74.9000 0003553 268.8834  53.3209 15.69803387  4169
STARLINK-3043           
1 49179U 21082BB  21275.58334491 -.00118332  00000-0 -10018-2 0  9999
2 49179  70.0009  74.8989 0003577 269.4079  50.5159 15.69788670  3007
STARLINK-3050           
1 49180U 21082BC  21275.58334491 -.00084866  00000-0 -71454-3 0  9997
2 49180  70.0028  74.8951 0003553 271.2142  55.2366 15.69808611  4174
STARLINK-3059           
1 49181U 21082BD  21275.08334491  .00053684  00000-0  44893-3 0  9992
2 49181  70.0011  76.2973 0003313 278.5384 105.4597 15.69731780  4096
FALCON 9 DEB            
1 49182U 21082BE  21275.48651062  .03054406  42419-5  61373-3 0  9996
2 49182  69.9809  73.1623 0026597 126.1748 234.1944 16.29977937  3030
FALCON 9 DEB            
1 49183U 21082BF  21275.47247013  .03551126  42853-5  54709-3 0  9991
2 49183  69.9860  73.1168 0018281 130.0332 230.2504 16.33257425  3033
FALCON 9 DEB            
1 49184U 21082BG  21274.95483334  .12303919  44323-5  15733-3 0  9995
2 49184  69.9926  74.5323 0012093 139.1084 221.1061 16.48791193  2952
FALCON 9 DEB            
1 49185U 21082BH  21274.97006058  .03977472  42813-5  58228-3 0  9991
2 49185  69.9924  74.5908 0018269 132.1475 228.1309 16.33748197  2950
ONEWEB-0292             
1 49186U 21083A   21275.25001157 -.01109839  00000-0 -52781-1 0  9997
2 49186  87.3313 322.0531 0017973 242.4967 227.9890 15.22154193  3960
ONEWEB-0303             
1 49187U 21083B   21275.25001157 -.01171732  00000-0 -57858-1 0  9999
2 49187  87.4237 322.1483 0016785 241.5075 319.8273 15.20590896  3951
ONEWEB-0306             
1 49188U 21083C   21275.25001157 -.01148176  00000-0 -53650-1 0  9992
2 49188  87.4297 322.1299 0019626 238.7305  68.8624 15.22814439  3959
ONEWEB-0307             
1 49189U 21083D   21275.58334491 -.01016551  00000-0 -51198-1 0  9995
2 49189  87.3260 321.9387 0015448 236.0007 191.8345 15.19999005  4016
ONEWEB-0320             
1 49190U 21083E   21275.25001157 -.01183742  00000-0 -59610-1 0  9995
2 49190  87.4205 322.1469 0016206 240.7238 296.0143 15.19960083  3953
ONEWEB-0321             
1 49191U 21083F   21275.25001157 -.01108886  00000-0 -51419-1 0  9991
2 49191  87.3334 322.0493 0018873 240.8265 260.5451 15.22982483  3966
ONEWEB-0322             
1 49192U 21083G   21275.25001157 -.01115181  00000-0 -53084-1 0  9998
2 49192  87.3320 322.0518 0017183 244.5528 218.7252 15.22155114  3963
ONEWEB-0324             
1 49193U 21083H   21275.25001157 -.01166618  00000-0 -57377-1 0  9999
2 49193  87.4247 322.1353 0018728 243.0370   1.2197 15.20672811  3954
ONEWEB-0325             
1 49194U 21083J   21275.25001157 -.01182240  00000-0 -59192-1 0  9996
2 49194  87.4199 322.1402 0016524 240.3987 308.3839 15.20147442  3953
ONEWEB-0326             
1 49195U 21083K   21275.58334491 -.01073324  00000-0 -51258-1 0  9990
2 49195  87.4223 322.0137 0019870 234.3639 102.4170 15.21869227  4001
ONEWEB-0327             
1 49196U 21083L   21275.25001157 -.01116900  00000-0 -56690-1 0  9998
2 49196  87.4307 322.1324 0019905 239.6177  30.3817 15.19917331  3955
ONEWEB-0328             
1 49197U 21083M   21274.91667824 -.01047493  00000-0 -48794-1 0  9996
2 49197  87.3344 322.1714 0016250 244.6883 176.1897 15.22719453  3911
ONEWEB-0331             
1 49198U 21083N   21275.58334491 -.01092595  00000-0 -52578-1 0  9990
2 49198  87.4223 322.0199 0019584 242.2950  39.3394 15.21670669  4004
ONEWEB-0333             
1 49199U 21083P   21275.58334491 -.01021246  00000-0 -50403-1 0  9991
2 49199  87.3297 321.9414 0015649 241.8567 219.8993 15.20700132  4019
ONEWEB-0334             
1 49200U 21083Q   21275.25001157 -.01118998  00000-0 -50913-1 0  9995
2 49200  87.3321 322.0375 0019073 231.8134 308.8721 15.23641075  3977
ONEWEB-0335             
1 49201U 21083R   21275.58334491 -.01023525  00000-0 -53808-1 0  9999
2 49201  87.3249 321.9500 0018761 231.2130 121.1601 15.18476086  4019
ONEWEB-0336             
1 49202U 21083S   21275.58334491 -.01022260  00000-0 -52700-1 0  9995
2 49202  87.3250 321.9450 0016411 231.3069 160.5200 15.19196238  4019
ONEWEB-0337             
1 49203U 21083T   21275.25001157 -.01082037  00000-0 -56326-1 0  9996
2 49203  87.3251 322.0665 0019354 232.8379  85.3218 15.18966474  3962
ONEWEB-0338             
1 49204U 21083U   21275.58334491 -.01033241  00000-0 -49628-1 0  9993
2 49204  87.3291 321.9294 0018473 239.7282 268.2300 15.21597448  4020
ONEWEB-0339             
1 49205U 21083V   21275.58334491 -.01031504  00000-0 -51976-1 0  9993
2 49205  87.3264 321.9378 0016332 234.4631 174.6532 15.20006862  4016
ONEWEB-0340             
1 49206U 21083W   21275.58334491 -.01073747  00000-0 -53079-1 0  9995
2 49206  87.4218 322.0247 0016951 241.7071 357.9306 15.20764887  4002
ONEWEB-0341             
1 49207U 21083X   21275.25001157 -.01178974  00000-0 -56951-1 0  9990
2 49207  87.4217 322.1364 0018217 243.5472   0.7732 15.21324806  3958
ONEWEB-0342             
1 49208U 21083Y   21275.25001157 -.01106968  00000-0 -49874-1 0  9991
2 49208  87.3356 322.0442 0019127 229.9995 322.2489 15.23935233  3974
ONEWEB-0343             
1 49209U 21083Z   21275.25001157 -.01164704  00000-0 -54664-1 0  9997
2 49209  87.4366 322.1438 0019838 238.4825  55.5934 15.22705458  3951
ONEWEB-0344             
1 49210U 21083AA  21275.58334491 -.01032348  00000-0 -54117-1 0  9996
2 49210  87.3215 321.9438 0018407 230.6562 131.0834 15.18607236  4012
ONEWEB-0345             
1 49211U 21083AB  21275.25001157 -.01106876  00000-0 -56519-1 0  9997
2 49211  87.3274 322.0648 0017701 231.4789 122.3775 15.19734619  3966
ONEWEB-0346             
1 49212U 21083AC  21275.25001157 -.01181837  00000-0 -58096-1 0  9990
2 49212  87.4224 322.1398 0017535 244.5346 334.2026 15.20751754  3958
ONEWEB-0348             
1 49213U 21083AD  21275.58334491 -.01015758  00000-0 -47128-1 0  9999
2 49213  87.3334 321.9314 0019211 232.1208 323.8005 15.22702475  4026
ONEWEB-0350             
1 49214U 21083AE  21274.91667824 -.01049317  00000-0 -50619-1 0  9992
2 49214  87.3331 322.1785 0015251 240.9539 144.3512 15.21562195  3911
ONEWEB-0351             
1 49215U 21083AF  21275.58334491 -.01020749  00000-0 -45520-1 0  9991
2 49215  87.3328 321.9177 0016682 221.0727  50.7704 15.24100313  4038
ONEWEB-0352             
1 49216U 21083AG  21275.58334491 -.01028526  00000-0 -52339-1 0  9999
2 49216  87.3262 321.9453 0016035 234.4925 182.0690 15.19667121  4013
ONEWEB-0354             
1 49217U 21083AH  21275.58334491 -.01012691  00000-0 -40787-1 0  9990
2 49217  87.3494 321.9227 0017325 223.1926 100.6748 15.27434585  4036
ONEWEB-0355             
1 49218U 21083AJ  21275.58334491 -.01022003  00000-0 -50726-1 0  9993
2 49218  87.3252 321.9324 0015241 241.1470 206.7282 15.20517531  4011
ONEWEB-0357             
1 49219U 21083AK  21275.25001157 -.01110034  00000-0 -50958-1 0  9997
2 49219  87.3331 322.0437 0018707 236.7968 283.9061 15.23326412  3974
SZ-12 MODULE            
1 49221U 21053C   21275.31194891  .00000299  00000-0  76638-5 0  9997
2 49221  41.5585 349.9404 0004437  20.7650 339.3369 15.60231106  2350
TIANZHOU-3              
1 49222U 21085A   21274.53363095  .00005434  00000-0  65818-4 0  9993
2 49222  41.4715 354.3609 0000947 343.7614  35.0327 15.61378428 24338
CZ-7 R/B                
1 49223U 21085B   21275.55084109  .01999678  78136-5  42111-3 0  9996
2 49223  41.4487 342.4535 0053274 274.3036  85.1800 16.25519924  1975
INSPIRATION4 DEB        
1 49248U 21084B   21274.44086215  .00053801  00000-0  46026-3 0  9996
2 49248  51.6451 173.4421 0006614 329.7580  30.3034 15.68887415  1977
JILIN-01 GAOFEN 2D      
1 49256U 21086A   21275.54509851  .00006542  00000-0  41459-3 0  9990
2 49256  97.5399  21.3238 0010124 247.8120 112.4941 15.09233104   809
KZ-1A R/B               
1 49257U 21086B   21275.52039290  .01577579  21856-5  69451-3 0  9997
2 49257  97.4964  21.7501 0242753  62.6236 300.0671 15.81401919   817
SHIYAN 10 (SY-10)       
1 49258U 21087A   21275.49359888  .00002779  20843-6  20041-3 0  9995
2 49258  51.0827  78.2679 7528645 225.8553 112.5115  2.01060496   126
CZ-3B R/B               
1 49259U 21087B   21275.32727153  .00004294  00000-0  72042-3 0  9991
2 49259  51.4043  77.9994 7491472 226.1861  40.7824  2.03782618   139
LANDSAT 9               
1 49260U 21088A   21275.45009604  .00048935  00000-0  92161-2 0  9995
2 49260  98.2178 344.0653 0010701 273.7472  86.1208 14.64281450   688
2021-088B               
1 49261U 21088B   21274.93984657  .00000495  00000-0  44075-4 0  9990
2 49261  97.6236 342.8911 0022788 236.6889 123.2140 15.00326600   617
2021-088C               
1 49262U 21088C   21274.93938744  .00001418  00000-0  11680-3 0  9998
2 49262  97.6214 342.8898 0022066 236.7339 123.1767 15.00498663   611
CUTE                    
1 49263U 21088D   21274.93650728  .00001882  00000-0  14947-3 0  9996
2 49263  97.6234 342.8895 0017603 233.6836 126.2753 15.01563527   612
2021-088E               
1 49264U 21088E   21274.93625192  .00001346  00000-0  10801-3 0  9994
2 49264  97.6218 342.8897 0017085 234.0931 125.8707 15.01655022   618
