NOAA 15                 
1 25338U 98030A   21275.36586038  .00000064  00000-0  45227-4 0  9991
2 25338  98.6753 302.8974 0009788 335.1810  24.8898 14.26060788216489
DMSP 5D-3 F15 (USA 147) 
1 25991U 99067A   21275.46460272  .00000048  00000-0  47424-4 0  9992
2 25991  99.0284 257.9823 0009754 195.3230 337.0220 14.16471387127261
METEOSAT-8 (MSG-1)      
1 27509U 02040B   21274.61714980  .00000139  00000-0  00000-0 0  9994
2 27509   7.5604  51.9417 0001406 180.0322  42.2252  1.00268922 70016
DMSP 5D-3 F16 (USA 172) 
1 28054U 03048A   21275.47798869  .00000014  00000-0  31300-4 0  9995
2 28054  98.9647 260.3030 0007040 334.9308 135.4723 14.13637444926581
NOAA 18                 
1 28654U 05018A   21275.46912915  .00000107  00000-0  82295-4 0  9991
2 28654  98.9839 340.7073 0013797 344.1781  15.8957 14.12642731843643
METEOSAT-9 (MSG-2)      
1 28912U 05049B   21274.71657372  .00000018  00000-0  00000-0 0  9993
2 28912   5.4384  67.8281 0000624  39.1034 165.0226  1.00273816 57790
FORMOSAT-3 FM6          
1 29047U 06011A   21275.29343957  .00000153  00000-0  76275-4 0  9999
2 29047  71.9779 226.8559 0051659 326.0405  33.7427 14.28840509808729
FORMOSAT-3 FM1          
1 29048U 06011B   21274.90368479  .00000122  00000-0  64361-4 0  9992
2 29048  71.9653 138.0178 0045430 287.1781  72.4384 14.28805476811108
FORMOSAT-3 FM5          
1 29049U 06011C   21275.08911405  .00000139  00000-0  70810-4 0  9990
2 29049  72.0201 311.9711 0036777 307.8172  51.9637 14.28887870806940
FORMOSAT-3 FM3          
1 29050U 06011D   21275.47285598  .00000375  00000-0  88514-4 0  9994
2 29050  72.0168  48.9642 0049950 188.9908 171.0356 14.59125081825278
FORMOSAT-3 FM4          
1 29051U 06011E   21275.28798509  .00000082  00000-0  47489-4 0  9996
2 29051  72.0053 212.7000 0068579 190.6072 169.3623 14.28919225809581
FORMOSAT-3 FM2          
1 29052U 06011F   21275.04265930  .00000130  00000-0  67156-4 0  9995
2 29052  72.0326 288.8175 0042422 268.2846  91.3432 14.29029218807880
EWS-G1 (GOES 13)        
1 29155U 06018A   21275.44601045  .00000033  00000-0  00000+0 0  9993
2 29155   0.1405 116.4185 0006962  96.7020  20.6118  1.00269267 56278
METOP-A                 
1 29499U 06044A   21275.46885061  .00000020  00000-0  28111-4 0  9991
2 29499  98.4628 310.4156 0001057  65.8462  41.9949 14.21511800775947
DMSP 5D-3 F17 (USA 191) 
1 29522U 06050A   21275.37929863  .00000051  00000-0  49816-4 0  9993
2 29522  98.7820 290.1173 0008695 276.2777  83.7405 14.14045252769428
FENGYUN 3A              
1 32958U 08026A   21274.91408910  .00000028  00000-0  33586-4 0  9990
2 32958  98.4634 243.6733 0009716  55.1800 305.0289 14.18669656691671
FENGYUN 2E              
1 33463U 08066A   21275.02029877 -.00000200  00000-0  00000+0 0  9993
2 33463   5.3381  66.6758 0002713 334.5652  63.5869  1.00269495 46856
NOAA 19                 
1 33591U 09005A   21275.30096120  .00000069  00000-0  62539-4 0  9997
2 33591  99.1789 298.6299 0013801 188.9584 171.1343 14.12498277652005
GOES 14                 
1 35491U 09033A   21275.49975792 -.00000097  00000-0  00000+0 0  9992
2 35491   0.3516 281.0337 0015611 293.0834 233.0251  1.00271869 44925
METEOR-M 1              
1 35865U 09049A   21274.93655870  .00000038  00000-0  35832-4 0  9994
2 35865  98.4920 249.2820 0001179 252.7711 107.3338 14.22285292624948
DMSP 5D-3 F18 (USA 210) 
1 35951U 09057A   21275.45072546  .00000094  00000-0  72593-4 0  9997
2 35951  98.6917 256.6597 0012241 100.4422 259.8131 14.13400117616675
GOES 15                 
1 36411U 10008A   21275.50506532  .00000050  00000-0  00000+0 0  9991
2 36411   0.3812 275.7196 0000842 238.2854 271.5392  1.00261576 42434
COMS 1                  
1 36744U 10032A   21274.81329862 -.00000346  00000-0  00000-0 0  9999
2 36744   0.4799  96.0434 0000766  95.7385 239.9506  1.00272799 33846
FENGYUN 3B              
1 37214U 10059A   21275.15817908  .00000014  00000-0  30422-4 0  9998
2 37214  99.0869 271.3408 0017409  15.0487 345.1201 14.16000164564432
SUOMI NPP               
1 37849U 11061A   21275.45334296  .00000018  00000-0  29244-4 0  9997
2 37849  98.7429 212.7236 0001199  63.0988  74.4403 14.19544690514587
FENGYUN 2F              
1 38049U 12002A   21274.88185207 -.00000358  00000-0  00000-0 0  9991
2 38049   3.1630  81.4849 0002134  12.3340 346.4311  1.00282555 35644
METEOSAT-10 (MSG-3)     
1 38552U 12035B   21274.78957529  .00000060  00000-0  00000-0 0  9998
2 38552   1.2465  20.9380 0001720 201.1776  82.2064  1.00277120 33614
METOP-B                 
1 38771U 12049A   21275.46827546  .00000011  00000-0  25194-4 0  9998
2 38771  98.7040 334.1345 0002159  81.0478 111.5720 14.21494486469070
FENGYUN 3C              
1 39260U 13052A   21275.12592066  .00000003  00000-0  22339-4 0  9995
2 39260  98.4890 310.9029 0010192 303.0711  56.9492 14.15879402415367
METEOR-M 2              
1 40069U 14037A   21275.48655877 -.00000038  00000-0  18620-5 0  9995
2 40069  98.4546 299.8059 0005744   3.8490 356.2731 14.20688709375235
HIMAWARI-8              
1 40267U 14060A   21274.81574073 -.00000278  00000-0  00000-0 0  9999
2 40267   0.0149 193.9477 0001314  40.7295 210.4284  1.00271494 25513
FENGYUN 2G              
1 40367U 14090A   21274.86678476 -.00000305  00000-0  00000-0 0  9991
2 40367   1.2863  91.7264 0002451 264.0648  66.8047  1.00273914 24759
METEOSAT-11 (MSG-4)     
1 40732U 15034A   21274.78783093 -.00000003  00000-0  00000-0 0  9994
2 40732   0.3329 115.5715 0001451  10.8589 168.4248  1.00262428 22789
ELEKTRO-L 2             
1 41105U 15074A   21275.17341214 -.00000116  00000-0  00000+0 0  9996
2 41105   2.3394  91.1701 0002893  98.4313 229.4689  1.00271371 21277
HIMAWARI-9              
1 41836U 16064A   21274.88752126 -.00000277  00000-0  00000+0 0  9990
2 41836   0.0140 191.9418 0000366 353.0493 286.1134  1.00272751 18069
GOES 16                 
1 41866U 16071A   21275.46973140 -.00000251  00000-0  00000+0 0  9999
2 41866   0.1056  83.2685 0000941 155.0498 227.0134  1.00271477 17878
FENGYUN 4A              
1 41882U 16077A   21275.22389858 -.00000333  00000-0  00000+0 0  9995
2 41882   0.2275 284.8430 0003842 112.6786 158.9857  1.00272113 17747
CYGFM05                 
1 41884U 16078A   21274.96264390  .00001293  00000-0  68860-4 0  9999
2 41884  34.9577   9.9783 0016298 297.6439  62.2618 15.15174615265648
CYGFM04                 
1 41885U 16078B   21274.64162746  .00001332  00000-0  69941-4 0  9992
2 41885  34.9509   2.6179 0014660 308.5103  51.4293 15.15683426265525
CYGFM02                 
1 41886U 16078C   21274.63512312  .00001345  00000-0  70579-4 0  9993
2 41886  34.9601   4.7255 0015410 303.5611  56.3629 15.15683302265609
CYGFM01                 
1 41887U 16078D   21274.66384134  .00001305  00000-0  69866-4 0  9999
2 41887  34.9546  13.7533 0016784 294.9496  64.9472 15.14962564265459
CYGFM08                 
1 41888U 16078E   21275.38199172  .00001104  00000-0  58718-4 0  9997
2 41888  34.9515   3.0804 0015868 310.5247  49.4082 15.15384351265717
CYGFM06                 
1 41889U 16078F   21274.55016594  .00001344  00000-0  70548-4 0  9993
2 41889  34.9596   3.9542 0014356 302.6655  57.2672 15.15677033265535
CYGFM07                 
1 41890U 16078G   21274.59493146  .00001304  00000-0  68517-4 0  9990
2 41890  34.9533   2.5552 0014113 306.8663  53.0754 15.15672239265527
CYGFM03                 
1 41891U 16078H   21274.52677417  .00001301  00000-0  68395-4 0  9990
2 41891  34.9567   3.3745 0013628 304.5662  55.3763 15.15667814265654
FENGYUN 3D              
1 43010U 17072A   21275.47336812  .00000002  00000-0  21677-4 0  9995
2 43010  98.7958 216.6757 0001833 126.1531 233.9806 14.19778174201175
NOAA 20                 
1 43013U 17073A   21275.46124187  .00000002  00000-0  21747-4 0  9996
2 43013  98.7262 212.5009 0001398  79.0950 281.0384 14.19555386200620
GOES 17                 
1 43226U 18022A   21274.68857669  .00000095  00000-0  00000-0 0  9995
2 43226   0.0583 294.7100 0000084 250.6869 295.9318  1.00267918 13179
FENGYUN 2H              
1 43491U 18050A   21274.81299479 -.00000129  00000-0  00000-0 0  9993
2 43491   0.4969 105.1783 0003796  41.0681 236.1076  1.00276301 12199
METOP-C                 
1 43689U 18087A   21275.39663364  .00000035  00000-0  36004-4 0  9996
2 43689  98.7238 334.0197 0003931  74.8352 285.3260 14.21480333150642
GEO-KOMPSAT-2A          
1 43823U 18100A   21274.74151809 -.00000346  00000-0  00000-0 0  9995
2 43823   0.0362 311.6725 0001865 289.4157 164.8296  1.00272736 10379
METEOR-M2 2             
1 44387U 19038A   21275.50817451 -.00000023  00000-0  91165-5 0  9998
2 44387  98.6824 233.9048 0001012   0.2427 359.8747 14.23691522116706
FENGYUN 3E              
1 49008U 21062A   21275.44247769 -.00000036  00000-0  36574-5 0  9992
2 49008  98.7063 276.5485 0002617  46.5353 313.6042 14.19812688 12702
